2.214705603700012695e-02
2.780332320799134074e-02
2.251450719830851155e-02
3.483194330027857694e-02
1.210407031501507628e-02
3.822178390015532751e-02
4.194454368600247784e-02
2.688077044189282269e-02
3.455111610424040081e-02
3.610652679673442833e-02
3.652762934698389891e-02
3.310722136741836574e-02
4.523546276753588613e-02
4.604523700533941916e-02
3.333333333333333287e-02
4.730636914008784499e-02
1.511105153610686931e-02
3.326705442102112498e-02
3.029674468959340020e-02
4.280613954063914456e-02
3.208303179659723753e-02
3.832107143713456981e-02
3.767442727649705086e-02
4.110294228124605070e-02
3.876466130197396553e-02
4.277141178024024964e-02
2.284719480315111628e-02
2.406976738949774194e-02
3.204175207176529483e-02
3.533982083875684271e-02
2.481893624855788585e-02
3.389453549026940488e-02
3.741260910389091615e-02
2.429202073278469154e-02
3.345069221377475199e-02
2.980075756364991904e-02
3.639144947751271619e-02
4.903766695507534579e-02
2.633875891336682346e-02
3.792241566390951862e-02
3.635822371730278862e-02
4.685815333501759661e-02
1.751409010129036450e-02
3.401650702088025724e-02
3.935781491275383570e-02
3.381683767262361889e-02
3.347200372500271776e-02
3.014054343136276029e-02
3.843885994537094009e-02
3.878923674512108066e-02
3.689145301992116655e-02
3.393035379338912860e-02
4.248564385083834077e-02
1.202662201852016874e-02
4.295316617811403143e-02
4.391068377360002328e-02
4.036571176443154441e-02
3.620114061764246466e-02
3.504402627602818537e-02
1.053367784529233263e-02
3.127804022818343049e-02
4.022511709021970444e-02
4.654012999064558592e-02
3.436655664006413313e-02
3.717818718432853997e-02
3.303218879849557921e-02
1.419060718853421173e-02
1.170702571292621223e-02
1.539457097875045546e-02
4.380248036251096350e-02
4.327767502175514092e-02
3.798250502474565665e-02
3.781655028525453266e-02
1.966652070932037658e-02
4.176507823870884151e-02
3.232503088398600705e-02
3.273643682727769844e-02
3.204175207176530177e-02
4.019852103900849183e-02
3.721779526822044382e-02
3.064327258032962034e-02
3.998904867405360386e-02
3.855677571244444518e-02
2.910696610281606617e-02
3.283946013325392266e-02
4.418051278032102125e-02
3.393035379338912860e-02
2.759349574939280389e-02
4.380248036251096350e-02
3.707529880719881432e-02
4.260667363540813352e-02
3.101194750721983709e-02
3.599314266452598859e-02
4.776512099853606752e-02
4.052793877077384005e-02
3.747544259422339735e-02
4.152386631845862708e-02
3.978608832141308782e-02
3.616172045126439527e-02
3.193966226066377589e-02
3.544858535795854249e-02
3.987441525355051031e-02
3.324698618357316282e-02
1.907292850841789747e-02
3.923500299669164387e-02
3.029110647433968379e-02
2.237238000041623376e-02
1.909837954680005875e-02
3.639035904031871077e-02
3.875556383260715665e-02
3.446523018606496847e-02
3.432467551934254707e-02
1.726652831530190238e-02
1.573197766176517506e-02
4.083827421848045675e-02
4.266980053472475137e-02
5.049110351498129617e-02
3.541569600968735160e-02
3.446940415173131711e-02
4.083086919921292274e-02
2.117030593172741434e-02
5.000000000000000278e-02
3.855677571244443824e-02
4.604780232033921228e-02
3.531010738048379061e-02
3.947378157573930985e-02
2.934053979632039386e-02
2.516051557989103932e-02
3.152806483080033972e-02
2.909893074709256344e-02
3.996940275509865137e-02
4.176507823870884151e-02
3.896770244802341687e-02
3.483194330027858387e-02
3.345719385582518468e-02
2.956432066968689779e-02
1.403000079457874388e-02
3.896770244802341687e-02
1.890947053910165335e-02
2.391435904133847046e-02
2.539904613938706590e-02
3.303728923457541905e-02
3.176477984734083632e-02
3.654958840703854961e-02
2.641002060366436435e-02
2.816358251694309894e-02
3.722242692124209246e-02
3.305900643268081668e-02
4.418051278032102125e-02
4.539673520816166902e-02
3.742942286966886162e-02
3.281662656439887638e-02
3.796362623795956209e-02
2.596649031442258351e-02
2.754389070744974258e-02
4.523546276753588613e-02
1.395003628666958810e-02
2.214705603700012695e-02
3.932022765222226851e-02
3.983016145474974762e-02
1.325879418151577373e-02
4.052793877077384005e-02
4.418051278032102125e-02
1.459917693153204264e-02
4.142135623730951177e-02
4.839737498677340599e-02
3.935781491275383570e-02
4.277141178024024964e-02
3.731192882839820535e-02
3.326705442102111804e-02
4.278098549284280877e-02
3.293298626871852403e-02
2.990808172072774787e-02
4.859329630715707865e-02
3.424914219122530273e-02
3.393130178364189148e-02
4.418051278032102125e-02
4.141965170047304939e-02
2.957789251720909299e-02
3.261336326945610958e-02
4.207628022835414178e-02
4.132605121204047105e-02
3.483194330027858387e-02
3.956181881568253400e-02
3.531010738048379755e-02
3.777556906250090912e-02
4.566904716164110756e-02
2.167285425413696329e-02
3.646567401606553432e-02
4.018067599990535893e-02
2.668400125774632314e-02
3.147711528098871142e-02
3.159174740332235803e-02
1.338492938319457703e-02
3.343904299141235714e-02
4.086280011842216564e-02
3.979224693088560805e-02
1.697045352155056655e-02
3.292721698021099097e-02
3.855677571244443824e-02
1.136369060675285203e-02
4.086280011842216564e-02
4.082228481429281408e-02
3.423082443625572596e-02
3.519630792785950757e-02
3.930835703109257506e-02
3.311383580956377137e-02
3.936843920882016762e-02
3.826339899540658063e-02
1.786803365532991725e-02
3.525951989650950164e-02
1.920042199005082481e-02
2.828741064641989572e-02
3.423082443625572596e-02
3.914353635223337402e-02
3.091709171948147164e-02
3.922396144743870577e-02
3.957570734455043149e-02
3.685356957339983724e-02
3.139377695857362843e-02
3.689145301992116655e-02
4.204144218943379335e-02
3.447138430171855367e-02
4.574546744293658124e-02
1.118291991031025723e-02
3.423904940561016408e-02
4.566904716164110756e-02
3.943007901982822916e-02
3.244543230075511153e-02
3.649373002159161938e-02
2.153349410766843344e-02
3.273643682727769844e-02
3.483194330027857694e-02
3.245085484315051588e-02
4.146881862992950196e-02
3.366382068091821472e-02
3.471133288290762647e-02
4.419195075779960152e-02
3.187796791495167703e-02
4.187545893398129937e-02
3.767559602684338038e-02
4.852813742385703871e-02
3.048123787453691641e-02
3.723557595675732607e-02
4.457137649178959105e-02
4.052793877077384005e-02
3.311383580956377137e-02
3.471793087911170805e-02
1.441354915335280908e-02
3.822178390015532751e-02
3.401359139861226399e-02
1.704958808817382335e-02
1.396248968381559943e-02
3.331208253736375052e-02
4.054775531195493887e-02
4.261167474638474090e-02
3.391332234833715348e-02
4.769229628992049941e-02
3.896770244802341687e-02
3.263841775458548727e-02
3.740462428747607510e-02
1.271867067464538779e-02
2.150827588219856451e-02
3.236704421597209891e-02
3.670312433305873701e-02
4.448437002473035889e-02
2.544295745996760436e-02
4.294792899866941432e-02
4.035902542555416112e-02
1.125392156661809279e-02
3.483194330027857694e-02
4.176507823870883457e-02
2.537843974699985350e-02
2.988024874120885632e-02
1.385931495527157123e-02
3.164751624148801762e-02
3.815442524198766477e-02
9.004402807654939347e-03
2.713470785356052184e-02
2.825531556413985249e-02
3.029674468959340020e-02
1.833088484964454090e-02
3.471133288290762647e-02
4.047684733258312406e-02
1.652759719831260049e-02
4.346532246546330053e-02
3.350693410704694980e-02
1.741265075555911354e-02
3.594409766273955198e-02
3.909461520403682139e-02
3.767559602684338038e-02
3.319779538181909934e-02
3.218518867684198870e-02
3.959877445105518257e-02
3.713971286773619374e-02
3.013735196639693095e-02
4.604523700533941916e-02
3.513593547174356096e-02
2.109391850498031767e-02
4.119022407593666418e-02
2.648100101243157020e-02
1.505932389294566826e-02
3.360177346427822148e-02
3.127804022818343049e-02
3.232503088398600011e-02
3.544858535795854249e-02
1.677940028039904760e-02
2.948029143186830375e-02
1.029733449040588777e-02
3.270221303033073179e-02
3.978608832141308782e-02
2.479393301175879250e-02
2.959018971118746941e-02
3.704194295121918112e-02
4.448437002473035889e-02
3.590375669350787113e-02
3.355533906763988328e-02
1.122527892245804050e-02
2.715260279527614493e-02
3.670312433305873701e-02
2.746638763781186071e-02
1.323310053921817643e-02
4.688226252253815951e-02
3.743434572746293099e-02
3.247102070347584329e-02
2.312037555796135624e-02
3.823564860252057912e-02
1.580606456807097729e-02
4.592738672879601719e-02
3.726861984961559598e-02
3.500151455136964879e-02
3.935781491275383570e-02
3.866723220514677734e-02
4.448437002473035889e-02
3.431851225338604372e-02
9.428984593673745210e-03
3.646260748159842191e-02
3.566805122322807414e-02
4.663249954099464578e-02
3.940674495652722598e-02
3.855677571244444518e-02
3.232503088398600705e-02
3.846812463824041822e-02
3.299734415876486721e-02
4.398824630673834474e-02
2.238328078928675940e-02
4.852813742385703871e-02
3.931895463890029002e-02
3.045691075587141430e-02
3.516696386670407209e-02
3.516696386670407209e-02
4.495263511093509912e-02
3.411120369859341195e-02
2.327375040829680886e-02
2.978833103964405662e-02
3.393035379338912860e-02
4.493513496553534076e-02
1.654538620675849447e-02
3.469264274458604136e-02
4.059326595875907551e-02
3.826339899540658063e-02
4.352784010891688760e-02
4.197350114427508827e-02
3.313708498984760387e-02
4.194454368600247784e-02
4.306252490842193970e-02
3.666593918643098332e-02
3.358717582117322353e-02
3.685842700069374284e-02
2.693867499613153763e-02
4.365973131804053858e-02
3.174963602294210430e-02
3.905242917512700279e-02
3.333333333333333287e-02
3.821665177190573109e-02
3.089786813469345625e-02
3.361837576876734734e-02
4.145392543832838311e-02
3.936325813328572093e-02
3.548106634113953883e-02
4.270509831248422289e-02
1.619980558039954902e-02
1.852810297599026546e-02
3.739427563423519674e-02
3.855677571244443824e-02
3.066863602207749173e-02
3.288617497373110682e-02
3.693980625181293026e-02
1.595813856663473931e-02
3.569473045581338794e-02
2.136893065171579717e-02
3.878799788133114462e-02
4.076324144221584594e-02
3.208218426813339019e-02
3.378074860625403936e-02
3.639610306789278077e-02
3.988936473411830441e-02
3.247102070347584329e-02
4.391068377360002328e-02
3.483194330027857694e-02
3.350693410704694980e-02
3.393035379338912860e-02
4.194454368600247784e-02
3.990459630578890859e-02
4.213295357820625447e-02
1.359620688459137715e-02
3.091373369383576195e-02
3.662278343860145974e-02
3.431457505076198483e-02
1.697242848209775182e-02
3.991839685800582793e-02
3.632691110044695276e-02
3.810794374877878726e-02
1.718462770399449557e-02
3.255909553165616671e-02
3.639144947751271619e-02
2.068381773172856680e-02
3.670312433305873701e-02
3.359094786243721487e-02
4.277141178024024964e-02
1.861611973273618464e-02
3.467384764599588942e-02
3.467384764599588942e-02
4.379574029125091889e-02
3.817633826728149965e-02
3.622290994614319609e-02
3.065785335935156120e-02
4.042909446496593256e-02
2.981911672570959279e-02
1.955202915263239832e-02
1.627747018355552022e-02
3.693980625181293026e-02
1.364480701654726021e-02
1.269819094571639911e-02
4.776512099853607446e-02
3.821176940434081043e-02
3.670312433305873701e-02
4.212701936254182461e-02
1.107453204896996501e-02
2.076690468067983117e-02
3.675425374999050782e-02
4.296304194944104704e-02
2.259984331413380024e-02
3.267268967722361528e-02
3.859429725977055886e-02
3.017616227794145053e-02
3.639610306789278077e-02
4.663249954099464578e-02
3.557882984362212980e-02
3.164751624148801762e-02
3.277952709846273377e-02
3.588515796619641540e-02
3.554866313060015687e-02
3.079564337200874427e-02
3.570555512818796712e-02
3.475639965678309351e-02
4.418051278032102125e-02
3.099689602684297524e-02
3.592822437252618517e-02
1.779985119487259571e-02
3.618676386355890173e-02
4.053343099894515106e-02
1.067282908363065101e-02
3.533982083875684271e-02
3.377631012455536291e-02
4.133600123643140639e-02
1.120094480224179991e-02
3.618676386355890173e-02
3.898461948405076982e-02
3.540949176967744111e-02
3.248739319017814042e-02
4.086417506499077229e-02
3.956713400121274898e-02
3.717818718432853997e-02
1.709945743775577801e-02
4.177120772734653487e-02
3.103592070336322339e-02
1.842732635545291445e-02
4.112399317109814711e-02
4.212701936254182461e-02
4.025332270103285787e-02
1.193425924666906800e-02
1.111780885277962976e-02
3.303218879849557921e-02
3.876589867547778484e-02
3.978608832141308782e-02
3.483194330027857694e-02
1.645485691211917567e-02
4.770789754363690544e-02
3.331208253736375052e-02
3.137593783490098820e-02
2.953912078508486375e-02
3.759673220727034054e-02
2.980210938344060589e-02
4.052793877077384005e-02
3.800975612723402758e-02
4.112399317109814711e-02
3.876466130197396553e-02
4.120463909208750553e-02
3.176291444823023391e-02
3.483194330027858387e-02
2.743977425569087136e-02
9.960786279860406670e-03
3.179774719608027822e-02
3.753312888623138582e-02
4.076324144221584594e-02
3.855677571244443824e-02
3.978608832141308782e-02
3.904581618539751386e-02
2.956432066968689779e-02
1.481793945183274182e-02
3.832790358419804061e-02
4.086280011842216564e-02
3.675729843936244995e-02
3.402748824474773753e-02
3.670312433305873701e-02
4.966620926306317130e-02
3.753452854242173009e-02
3.566484562726642688e-02
3.127804022818343049e-02
3.075112269410701718e-02
3.905752874448582129e-02
3.039107126087032054e-02
3.894399141644835916e-02
3.821176940434081043e-02
3.441404825301620091e-02
3.950905020700237746e-02
1.763416234330403287e-02
3.717470441440134943e-02
2.956822707261143671e-02
2.830475139706485968e-02
1.980885033086713168e-02
4.566732987602526578e-02
4.063958651124247728e-02
3.792865356823505590e-02
3.755159879478443818e-02
4.000000000000000083e-02
3.350693410704694980e-02
3.729018943220115817e-02
3.821176940434081043e-02
3.796481300073654974e-02
3.393130178364189148e-02
3.930835703109257506e-02
2.123945442947245202e-02
1.773841013200656153e-02
3.566037714340917347e-02
3.925824188137920501e-02
4.019284438101767415e-02
4.144214588329554055e-02
3.483194330027857694e-02
3.997485689217357419e-02
1.446732297504982334e-02
3.853356197580248138e-02
3.771485837433030675e-02
3.247102070347584329e-02
3.248122052438900259e-02
1.626320978658435390e-02
4.284305998662805287e-02
1.713322963573618227e-02
3.670423359511379435e-02
3.232991525973568508e-02
4.212701936254182461e-02
3.516696386670407209e-02
2.551098845028419715e-02
3.452457846858155571e-02
3.796481300073654974e-02
3.540949176967744111e-02
3.566484562726643381e-02
4.641835127317830295e-02
3.957445238295320689e-02
2.701066092323450851e-02
2.890670136106738425e-02
3.029674468959340020e-02
4.016908017446486207e-02
4.398824630673834474e-02
3.443243933987370081e-02
3.374862401419140984e-02
3.546447731925662233e-02
4.384913054657426507e-02
3.307606169237903293e-02
4.019852103900849183e-02
2.919346789606982323e-02
2.940493919805710343e-02
1.624193423453971705e-02
3.478271568038944495e-02
3.643718094757275594e-02
3.644988978035713229e-02
3.741260910389091615e-02
4.243279285379215893e-02
1.253338437018274888e-02
4.465783488684376551e-02
3.489962418570861924e-02
3.601153602163207484e-02
4.421243766540665365e-02
9.246584244076641243e-03
4.019284438101767415e-02
3.461007635152856671e-02
1.964195940739053500e-02
3.600554358197633614e-02
1.647676022826758888e-02
1.574662401707621964e-02
3.232503088398600011e-02
4.086280011842216564e-02
3.449008283690116472e-02
3.729018943220115817e-02
3.648947587249883745e-02
4.730636914008784499e-02
5.039162152785923304e-02
4.800000000000000794e-02
3.899839109922759867e-02
4.444444444444444614e-02
2.915360075494724534e-02
3.469264274458604136e-02
2.802579392710011913e-02
3.224296616051439135e-02
2.875758174330667744e-02
4.488812819319042136e-02
1.596765581002305631e-02
3.248739319017814042e-02
3.616172045126439527e-02
2.230323167282413296e-02
3.336061235380043816e-02
3.065785335935156120e-02
3.267268967722361528e-02
3.393130178364189148e-02
3.038858689366037702e-02
2.861187140911696652e-02
3.935781491275383570e-02
3.961507704456701529e-02
2.850715895124885518e-02
3.222113088277950982e-02
2.022369362222256953e-02
3.326705442102111804e-02
2.782726196629256230e-02
2.912999044525139622e-02
2.801084547179299999e-02
1.281045772915300612e-02
4.210541993064450400e-02
3.350693410704694980e-02
2.890478377856797038e-02
4.063958651124247728e-02
1.137017978409670706e-02
1.064393321573779694e-02
4.604523700533941916e-02
1.358303928113655662e-02
1.928125887240728087e-02
2.973125690381461794e-02
3.305513756117495899e-02
3.443146314115954482e-02
2.980210938344060589e-02
2.143699044605288859e-02
2.928932188134525036e-02
4.112399317109814711e-02
3.899839109922759867e-02
3.502053906247532683e-02
2.240500297308635133e-02
3.204175207176529483e-02
4.670875199879560846e-02
2.923722932626528909e-02
4.207181937769374769e-02
2.213138692893863724e-02
2.472531424765560606e-02
3.878799788133114462e-02
3.051245579701380300e-02
1.158434093383983732e-02
3.697087398182932749e-02
3.799867838986687590e-02
4.266980053472475831e-02
1.524857931711978004e-02
3.341620990633838162e-02
4.225352112676056260e-02
2.174571964406512084e-02
3.685894775752778657e-02
3.878799788133114462e-02
3.489710984577541059e-02
1.839171518136581765e-02
4.142135623730951177e-02
3.855677571244443824e-02
3.703253709764666585e-02
3.170673852311418905e-02
4.868103041495193406e-02
2.665364937295718051e-02
3.866723220514677734e-02
4.852813742385703871e-02
4.207181937769374769e-02
3.261336326945610958e-02
2.446952020859853930e-02
3.878799788133115156e-02
2.909382288903596125e-02
4.448437002473035889e-02
1.667039255985730897e-02
4.418051278032102125e-02
3.646260748159842191e-02
4.566732987602526578e-02
2.572590484321777074e-02
3.690078733339766798e-02
1.937182528677966475e-02
4.212078501366683242e-02
2.038730230346456895e-02
2.841001324058280847e-02
4.384913054657426507e-02
1.122527892245803877e-02
2.026423765159941076e-02
3.422574347902276881e-02
3.311383580956377137e-02
3.692675354996292209e-02
3.028240989123099497e-02
3.305897695172303058e-02
4.166666666666667129e-02
3.296710087927081506e-02
4.460941507850383486e-02
4.112399317109814711e-02
3.393035379338912860e-02
3.483194330027857694e-02
3.281662656439887638e-02
3.326705442102111804e-02
3.091709171948147164e-02
3.998469552411437061e-02
3.101194750721983709e-02
4.679538607297120678e-02
3.473568145090723952e-02
2.299587422894729463e-02
3.383421524135304254e-02
3.689735633958265981e-02
1.168576186665905466e-02
3.232503088398600705e-02
2.836948642245675986e-02
3.303818797771326810e-02
3.311383580956377137e-02
3.792865356823504897e-02
1.580469684913916179e-02
3.773704777366128360e-02
4.212701936254182461e-02
4.675960816323393443e-02
3.142147445946391615e-02
3.433692400160746200e-02
3.494759589628403801e-02
1.864086243808335888e-02
3.273643682727769844e-02
3.557334086418852820e-02
2.995796654730556105e-02
2.116993690173889220e-02
3.959877445105518257e-02
4.808457204853262834e-02
3.873996084774777166e-02
3.315792600108365823e-02
1.185690951441110627e-02
4.141965170047304245e-02
4.177120772734653487e-02
1.828812302211047305e-02
4.083086919921292274e-02
3.933911394324365179e-02
3.731192882839820535e-02
3.038782652342893187e-02
3.499077651653083321e-02
4.261167474638474090e-02
4.177120772734653487e-02
4.709943106081308090e-02
3.483194330027857694e-02
3.930835703109257506e-02
1.477897769000162571e-02
3.519630792785950757e-02
3.930835703109257506e-02
2.246446979328228094e-02
2.706112987187480126e-02
3.629618324044806693e-02
2.846212294740811319e-02
1.934773831739959940e-02
3.064249941157869833e-02
1.646910206658267969e-02
3.691371006921408127e-02
4.292455045144872444e-02
3.708287671307490541e-02
3.015474420205800296e-02
3.652294206420853007e-02
3.248739319017814042e-02
4.420043157752705926e-02
9.344787558261772112e-03
4.052793877077384005e-02
4.174695847252651165e-02
3.840904525380711004e-02
4.730636914008784499e-02
3.855677571244444518e-02
3.767559602684338038e-02
3.620817849251538323e-02
3.523595423909094138e-02
2.741634400109456762e-02
3.393130178364189148e-02
3.227886035564449252e-02
3.190708331196515091e-02
3.399950925619937142e-02
3.333700567418852040e-02
4.277141178024024964e-02
3.685842700069374284e-02
3.483194330027858387e-02
3.639144947751271619e-02
4.406669693487898914e-02
1.591645667818911494e-02
3.850930933604596734e-02
4.172132156797108554e-02
4.418051278032102125e-02
4.749518707408258850e-02
3.307606169237903293e-02
1.371346206082461189e-02
3.516696386670407903e-02
4.458038562393702026e-02
4.641835127317830295e-02
4.900903451583540904e-02
3.489962418570861924e-02
3.574530554951638878e-02
2.093898635931465066e-02
4.685815333501759661e-02
3.224296616051439135e-02
2.611887300642324813e-02
4.112399317109814711e-02
3.821297173223626997e-02
3.359094786243721487e-02
3.051245579701380300e-02
3.532887425678590126e-02
3.953086153108789635e-02
3.533982083875684271e-02
4.173802314665149560e-02
3.350693410704694980e-02
3.649791512647585640e-02
3.181966683794915790e-02
3.019087980337540472e-02
1.331752364105357953e-02
3.877050772777820148e-02
1.718462770399449557e-02
3.905752874448582129e-02
3.566805122322807414e-02
3.117145108914501708e-02
2.412974558732311134e-02
3.809536642844126020e-02
2.908060356055430437e-02
4.000000000000000083e-02
3.767559602684338038e-02
3.210313430604562479e-02
3.434811310812371787e-02
4.236265662998403569e-02
3.240321535519136847e-02
4.391068377360002328e-02
3.469264274458604136e-02
1.743506192069536193e-02
2.239298997602842331e-02
1.320844549384154500e-02
4.015231851686380804e-02
2.942666792533242537e-02
1.637188552936881883e-02
2.794830323647892745e-02
4.207181937769374769e-02
3.467384764599588942e-02
3.531010738048379061e-02
2.535240807307228075e-02
4.086417506499077229e-02
3.853356197580248138e-02
3.273643682727769844e-02
4.076324144221584594e-02
4.399312283214841524e-02
3.742826934247070469e-02
3.350693410704694980e-02
4.924781524623902951e-02
3.548437789623416078e-02
3.045691075587141083e-02
3.876466130197396553e-02
1.643579650031948974e-02
3.010123878789778065e-02
2.768975382810511671e-02
3.448797820553300281e-02
3.800975612723402758e-02
4.083086919921292274e-02
3.120844112747136329e-02
3.616631546975780653e-02
4.604523700533941916e-02
4.083086919921292274e-02
3.701547987090449826e-02
3.693980625181293026e-02
2.547495630137932773e-02
2.808519487260672728e-02
3.193966226066377589e-02
4.280613954063914456e-02
2.802855382189496994e-02
3.548437789623415384e-02
3.152806483080033972e-02
3.956713400121274898e-02
4.194454368600247784e-02
4.112399317109814711e-02
1.695191427417425470e-02
3.500151455136964879e-02
2.036424976564276887e-02
2.083256942906627079e-02
3.899839109922759867e-02
3.333333333333333287e-02
3.516696386670407209e-02
1.245359596254602685e-02
4.604523700533941916e-02
3.470512801432366901e-02
1.850702364867659253e-02
1.368116481816325503e-02
1.291497260558560796e-02
4.277141178024024964e-02
4.418051278032102125e-02
3.759673220727033360e-02
1.539457097875045546e-02
2.062267865657928939e-02
3.288997521195746732e-02
2.456244432399444164e-02
9.356539996378985050e-03
2.942666792533242884e-02
4.262412863868406121e-02
3.533982083875684271e-02
2.794830323647893092e-02
1.438732046347665494e-02
3.514765146110179761e-02
1.585025758640513580e-02
3.423082443625572596e-02
4.242646768084038650e-02
3.014054343136275682e-02
2.221548808639662101e-02
4.262412863868406121e-02
3.388731300691161935e-02
3.740769196107382455e-02
3.957570734455043149e-02
3.957445238295320689e-02
2.674655340255543967e-02
3.440269302668066270e-02
3.792865356823504897e-02
4.141965170047304245e-02
4.721359549995794019e-02
4.384913054657426507e-02
3.855677571244443824e-02
3.194443086210817240e-02
2.322164412632076944e-02
3.139122436134497013e-02
4.019852103900849183e-02
1.858729343614513863e-02
1.855494942501424022e-02
4.413315521125121821e-02
3.488073078364805485e-02
3.920516014538957816e-02
3.869704852717595345e-02
4.346376691096515144e-02
1.284314704419173107e-02
3.455412461125300511e-02
3.531010738048379755e-02
3.411120369859341195e-02
4.764218210400484460e-02
3.287028781195887317e-02
2.597758517373041295e-02
3.816682804375295945e-02
3.399552467393755079e-02
3.600554358197633614e-02
1.450321433584421914e-02
3.540949176967744111e-02
3.684673885733946719e-02
2.379579838137260706e-02
3.032843430705504939e-02
3.569772431491295001e-02
4.287327180587646724e-02
3.368235258110419128e-02
3.920389457178938275e-02
1.983818320473658067e-02
3.038782652342893187e-02
3.288997521195746732e-02
3.017887332760983352e-02
2.547495630137932773e-02
1.344388534584567418e-02
3.670312433305873701e-02
3.373549618454772109e-02
4.398824630673834474e-02
4.523546276753588613e-02
2.616940575352700443e-02
1.276715976009400351e-02
4.365973131804053858e-02
3.192383705925340431e-02
2.620388669944989299e-02
3.866806326131397992e-02
3.771985660652004552e-02
4.346376691096515144e-02
1.803159941447974798e-02
3.616172045126439527e-02
1.269510582010484855e-02
3.140605585218260443e-02
3.636363636363636881e-02
2.135849057341528481e-02
2.439338226037008478e-02
3.513593547174356096e-02
4.141965170047304245e-02
3.443243933987370081e-02
1.984642951741224376e-02
3.618784213324433702e-02
3.497077729938036922e-02
1.817012028065444901e-02
3.772461407070049760e-02
3.771985660652004552e-02
1.723504673232631457e-02
3.687709154624444624e-02
4.108069945309907739e-02
4.413315521125120433e-02
3.610866522556711172e-02
3.202211571334350609e-02
3.029674468959340020e-02
4.080667542693744432e-02
2.959629123137437826e-02
3.154791925980906381e-02
2.349104081660093046e-02
2.748498498300233628e-02
3.204175207176529483e-02
2.664262795222210878e-02
3.032843430705505633e-02
3.600554358197633614e-02
3.707643067978177998e-02
9.773189287603003747e-03
3.023143963237749990e-02
3.208218426813338325e-02
3.990459630578890859e-02
4.949955805093419342e-02
3.957445238295320689e-02
3.431851225338603678e-02
3.560285651633479653e-02
3.956713400121274898e-02
3.053203594104038701e-02
1.642182630530253720e-02
3.763513879860140576e-02
3.715312458259091566e-02
4.924781524623902951e-02
3.033364803572886556e-02
3.935781491275383570e-02
3.943469207688762163e-02
3.307606169237903293e-02
1.079678316442487726e-02
3.667043449551676826e-02
2.980210938344060589e-02
1.031375448491181519e-02
2.846212294740811319e-02
4.047684733258312406e-02
1.860189793145776080e-02
3.796481300073654974e-02
4.230332711875371687e-02
3.652762934698389891e-02
3.137593783490099514e-02
2.800135265148797833e-02
2.843195611170001164e-02
3.663826666094574525e-02
3.371784187598440147e-02
4.132605121204047105e-02
2.708866713179364227e-02
3.990459630578891553e-02
3.714464602224949036e-02
4.346376691096515144e-02
3.770253914521819183e-02
1.702661381689117570e-02
3.519630792785950757e-02
3.531929097399119644e-02
3.294649898486878836e-02
3.937686406804395689e-02
2.998278575781558944e-02
5.000000000000000278e-02
4.242646768084038650e-02
4.076324144221584594e-02
3.267268967722361528e-02
3.821176940434081043e-02
3.368235258110419128e-02
4.177120772734653487e-02
3.180229463929816480e-02
2.631336371943359537e-02
4.152386631845862708e-02
2.825531556413985249e-02
4.084890292128406236e-02
4.022511709021970444e-02
3.570450540745956358e-02
4.115043398904011385e-02
4.112399317109814711e-02
2.085149263198409625e-02
4.188150528349057072e-02
3.570450540745956358e-02
4.346532246546330053e-02
1.530945536888232358e-02
3.091709171948147164e-02
3.823564860252057912e-02
1.877147092257671832e-02
4.575188570373002472e-02
3.574957793687186247e-02
1.064002736246385562e-02
3.441404825301620091e-02
3.914353635223338096e-02
1.520035092913619469e-02
3.616752860502280703e-02
1.202870155946776654e-02
3.990459630578891553e-02
3.930835703109257506e-02
1.966685368907506240e-02
3.295828912313097242e-02
3.422670804731933053e-02
4.640092592739405303e-02
2.802644068364595203e-02
3.884067551756805597e-02
3.158776584106016971e-02
2.937803438656917676e-02
1.064622157365281881e-02
4.086280011842216564e-02
4.217757839653426405e-02
4.641835127317830295e-02
2.705044451926570670e-02
3.436655664006413313e-02
3.956713400121274898e-02
3.368235258110419128e-02
3.942488170847358725e-02
4.346532246546330053e-02
3.639610306789278077e-02
3.565443470021762568e-02
3.742826934247070469e-02
3.463847869620236691e-02
1.209721142383931615e-02
4.242646768084038650e-02
2.339228342074385972e-02
1.226908872764343773e-02
3.781537277348438753e-02
3.693980625181293026e-02
4.679538607297120678e-02
4.498258502633395439e-02
3.489010148448425802e-02
4.352424223746274162e-02
4.083827421848045675e-02
4.280613954063914456e-02
3.533982083875684271e-02
1.448226180519694185e-02
1.397624278744501007e-02
3.436655664006414007e-02
4.346376691096515144e-02
3.357344447926812608e-02
3.781537277348438753e-02
3.135123627943046942e-02
3.570555512818796712e-02
1.214748492339779926e-02
2.106379953482945613e-02
1.704958808817382335e-02
3.326705442102112498e-02
3.232503088398600011e-02
1.999042823262541652e-02
1.770212660590913395e-02
3.717470441440134943e-02
1.703087563304560292e-02
4.448437002473035889e-02
4.207628022835414178e-02
9.370397404362917210e-03
1.582490242119325916e-02
3.502053906247532683e-02
2.609569090148891948e-02
2.819096475081133563e-02
3.781537277348438753e-02
2.132573679703368350e-02
1.377555084441547430e-02
2.534835293705332143e-02
9.896017726890998789e-03
3.391344199837052070e-02
2.834989360809611267e-02
3.454915028125263299e-02
3.479320043612882385e-02
3.532441158766374406e-02
4.274764196519829917e-02
3.896770244802341687e-02
3.368235258110419128e-02
4.161078829629788478e-02
3.544858535795854249e-02
2.996957942986578846e-02
3.127860985042842795e-02
4.631936269833340086e-02
3.424914219122530273e-02
4.523546276753588613e-02
3.433692400160746200e-02
4.230332711875371687e-02
3.822178390015532751e-02
1.697146544277634839e-02
1.684685575350106448e-02
3.226955284115127359e-02
7.227558154036643930e-03
4.438300869589192205e-02
3.670312433305873701e-02
3.102939631623069516e-02
3.993063884400058910e-02
4.047684733258312406e-02
3.519630792785950757e-02
2.989097277376230599e-02
2.761722990425921620e-02
1.509258026335330918e-02
3.978608832141308782e-02
3.664310715773774069e-02
4.280613954063914456e-02
4.536888638661933787e-02
1.042272091497502967e-02
3.469264274458604136e-02
2.986243730967922880e-02
3.244593385893602966e-02
3.540949176967744111e-02
3.124760033402727150e-02
4.608759721935819925e-02
1.419266152072714074e-02
3.065785335935156120e-02
2.875528443502134782e-02
3.600554358197633614e-02
3.566484562726643381e-02
3.492841600747461500e-02
1.454111586682195305e-02
4.086417506499077229e-02
3.821297173223626997e-02
4.176364200000580451e-02
3.065785335935156466e-02
4.011978765540907127e-02
3.991839685800582793e-02
2.320919046216175785e-02
4.207181937769374769e-02
2.080184899679059923e-02
3.200980829503203423e-02
3.288617497373110682e-02
3.288617497373110682e-02
4.053343099894515106e-02
3.740462428747607510e-02
3.670312433305873701e-02
3.741260910389091615e-02
3.244593385893602966e-02
1.752703701551354062e-02
4.191650056893334031e-02
9.442750183494909993e-03
2.503525542287774602e-02
3.959877445105518257e-02
3.064327258032962034e-02
3.807151128454091399e-02
3.183549434128667838e-02
3.639144947751271619e-02
3.796481300073654974e-02
2.326484453943479525e-02
3.245825626631635569e-02
1.835481735297410030e-02
3.613020955135853168e-02
3.176339512677418819e-02
4.280001419409137919e-02
4.391068377360002328e-02
2.858926909186182072e-02
3.600554358197633614e-02
1.633536184311824152e-02
4.081086144915339192e-02
4.112399317109814711e-02
4.177120772734653487e-02
3.930835703109257506e-02
3.968433928624195972e-02
3.516696386670407209e-02
3.746089061000472398e-02
4.572710552673146106e-02
3.978608832141308782e-02
3.742826934247070469e-02
3.614602609494332180e-02
2.706335153557028889e-02
1.842732635545291445e-02
4.928607901725193252e-02
3.288617497373110682e-02
1.965746389549395332e-02
1.407958637917659794e-02
3.015474420205800296e-02
4.824561239412944458e-02
3.408200959437122923e-02
3.771468486480590576e-02
2.310901594493425942e-02
3.065785335935156466e-02
3.055223886173427314e-02
1.928589607374323750e-02
3.381683767262361889e-02
3.744173578714705269e-02
4.529770149480025210e-02
4.819303431805030402e-02
3.404966190398394515e-02
2.794830323647892745e-02
3.186366379900417573e-02
2.917034313898681300e-02
2.813176765404603458e-02
3.510063248545760434e-02
3.894399141644835916e-02
4.523546276753588613e-02
3.707529880719881432e-02
3.487972900069013366e-02
9.628539193368869722e-03
4.087155565286795106e-02
4.144214588329554055e-02
1.913218646921128682e-02
3.858559431573634763e-02
3.281662656439887638e-02
2.994404374613195835e-02
3.588700583111003456e-02
1.705888597375171747e-02
2.934053979632039386e-02
3.224296616051439135e-02
3.567751019767881338e-02
3.843885994537094009e-02
2.018688379222707482e-02
2.997499944913611936e-02
2.755730608990219696e-02
1.751885218547925838e-02
1.467375816395632623e-02
3.246993758730338381e-02
3.639144947751271619e-02
3.065785335935156120e-02
4.523546276753588613e-02
3.668333635998343584e-02
4.852813742385703871e-02
4.576963815782640610e-02
3.553397177750723668e-02
2.203611974169409488e-02
2.853602268515090246e-02
2.536054635553064776e-02
4.448437002473035889e-02
3.393035379338912860e-02
3.519195607274191312e-02
4.346532246546330053e-02
4.247167683880679473e-02
1.329290120965639747e-02
3.818001125413841845e-02
1.045952796640511884e-02
1.136772813596750517e-02
3.905242917512700279e-02
2.350097373832697734e-02
3.855677571244443824e-02
4.112399317109814711e-02
1.473982770919522560e-02
3.187880468787795962e-02
3.273643682727769844e-02
3.172245385412968133e-02
3.544417089737621901e-02
3.991839685800582793e-02
1.531043203138595515e-02
4.263161125908793148e-02
1.331752364105357953e-02
4.594188308480916250e-02
2.018688379222707482e-02
3.768940435146702489e-02
1.284314704419172934e-02
3.729040880383585610e-02
3.590375669350787113e-02
3.782157550939987262e-02
3.550849160948230804e-02
1.637256099673002965e-02
3.685894775752778657e-02
3.377096468713783328e-02
8.818237107974219446e-03
3.333333333333333287e-02
3.331208253736375052e-02
2.074183717062723711e-02
3.792359985151664420e-02
4.839250107452620214e-02
2.203441377504333429e-02
2.370080986665683981e-02
3.798734633239789216e-02
3.367132924359485247e-02
4.106040520170325253e-02
3.798734633239789216e-02
2.816358251694309894e-02
3.633834762582063144e-02
3.861656446322237618e-02
3.333333333333333287e-02
1.264467946078153167e-02
3.596414754343300879e-02
3.536024450631867350e-02
3.639035904031871077e-02
3.855677571244443824e-02
3.818264530340136076e-02
3.691371006921408127e-02
3.821176940434081043e-02
2.841001324058280847e-02
3.516696386670407209e-02
3.536024450631866656e-02
3.051245579701380300e-02
3.627209705156201475e-02
1.746651031056077955e-02
3.338473506263985729e-02
4.112399317109814711e-02
4.704898068973199787e-02
4.219902614442877509e-02
2.348635477481394659e-02
3.914353635223337402e-02
3.461007635152855977e-02
3.569772431491294307e-02
1.060846265475395497e-02
3.540949176967744111e-02
4.025024577130471154e-02
3.982979245711124744e-02
3.956713400121274898e-02
1.693116225259657520e-02
3.273643682727769844e-02
1.343446420545363514e-02
3.386455684261861082e-02
3.652762934698389891e-02
4.086280011842216564e-02
3.570450540745956358e-02
3.658536585365853439e-02
3.277952709846273377e-02
3.348951814652473269e-02
4.580023329072256677e-02
3.618676386355890173e-02
9.806476755467044559e-03
3.590375669350787113e-02
3.855677571244443824e-02
2.469469977193580398e-02
2.636282442693778025e-02
1.585981056198158823e-02
4.047684733258312406e-02
2.663154185816604333e-02
4.346532246546330053e-02
3.438489698877856410e-02
2.661125538014366687e-02
3.412138283273905004e-02
2.756971849777939410e-02
2.706522921619048880e-02
4.022511709021971138e-02
1.371419659051257428e-02
3.570876804668617760e-02
3.525951989650950164e-02
4.079974582482743389e-02
4.063958651124247728e-02
3.071274779059875518e-02
3.551870998741917668e-02
2.352750707440397215e-02
3.935781491275383570e-02
4.399312283214841524e-02
3.835798333064122795e-02
1.319570853400344086e-02
3.469264274458604136e-02
3.648947587249884439e-02
3.277864237283444060e-02
4.545454545454545581e-02
3.855959916520652897e-02
3.152806483080033972e-02
3.192383705925340431e-02
3.393130178364189148e-02
1.113207586787478935e-02
3.978739176330434169e-02
2.834989360809611267e-02
3.424914219122530273e-02
3.261336326945610958e-02
3.767559602684338038e-02
3.922919036638750079e-02
2.538285673689135921e-02
3.777556906250091606e-02
1.971154192851088532e-02
3.715312458259091566e-02
4.346376691096515144e-02
3.015474420205800296e-02
3.407072315451430133e-02
3.038782652342893187e-02
3.333333333333333287e-02
4.385071380794523799e-02
2.570697414637792763e-02
3.222113088277950982e-02
3.974767899528630632e-02
4.152386631845862708e-02
3.610257245064785875e-02
3.896770244802341687e-02
3.765818843444255354e-02
1.181193934000651646e-02
4.210541993064450400e-02
1.556806856900251786e-02
1.624695693413075528e-02
2.665697009875984611e-02
4.852813742385703871e-02
4.447384439143107354e-02
4.109776202341737517e-02
3.616631546975780653e-02
4.382535090714065329e-02
2.443378482259379869e-02
3.968433928624195278e-02
3.175045564940218862e-02
2.844662790551234430e-02
3.269295045589280801e-02
3.530691285628211051e-02
2.147412941499780847e-02
3.715312458259091566e-02
3.124065810734762139e-02
3.500581943085792624e-02
1.811468373149684868e-02
3.570450540745956358e-02
3.448275862068965469e-02
2.956432066968689779e-02
4.530742364368255115e-02
3.236704421597209891e-02
4.219760787310298383e-02
3.548437789623416078e-02
3.305513756117495205e-02
3.285903926684556609e-02
3.214734925034123253e-02
4.112399317109814711e-02
3.303218879849557921e-02
3.968433928624195278e-02
4.551218880349492540e-02
4.688415812951417239e-02
3.204285649257205409e-02
3.345462404779346588e-02
3.544858535795853555e-02
2.426396856093338342e-02
2.337342670545892315e-02
3.823564860252057912e-02
3.771752409987431942e-02
3.570555512818796712e-02
1.244254764616441362e-02
3.550849160948230804e-02
4.098781922267347166e-02
3.469264274458604136e-02
2.381493860957569972e-02
3.204175207176530177e-02
4.398824630673834474e-02
4.418051278032102125e-02
1.228530357387103665e-02
3.593276023884652004e-02
3.800975612723402758e-02
2.331616276910556881e-02
3.378413443346696410e-02
1.038813568325761862e-02
3.267268967722361528e-02
3.324588802298164558e-02
4.086280011842216564e-02
3.531010738048379061e-02
3.318465103620455575e-02
1.122603922194018687e-02
3.126276203256299346e-02
3.704901090378162620e-02
3.480150302184933930e-02
4.641835127317830295e-02
3.374862401419140984e-02
4.346376691096515144e-02
3.308459438053342611e-02
2.216676952835074793e-02
2.575689513373996889e-02
1.137986002827988397e-02
4.176364200000580451e-02
2.109243097889966848e-02
3.920516014538957816e-02
2.270573991360526692e-02
3.679942650980175256e-02
3.045767458735499852e-02
3.689145301992116655e-02
1.882610835183407341e-02
3.798734633239789216e-02
3.618784213324433702e-02
2.628842232826732531e-02
4.242646768084038650e-02
3.990459630578890859e-02
3.570450540745956358e-02
3.293239335059683359e-02
8.468711276394931542e-03
3.916537143900427481e-02
2.994404374613195835e-02
3.956713400121274898e-02
4.274764196519829917e-02
4.604523700533941916e-02
3.788751884569208778e-02
3.823564860252057912e-02
4.346532246546330053e-02
1.160473754058473708e-02
1.176452778014657960e-02
3.544858535795853555e-02
3.348951814652473269e-02
3.370295000624915632e-02
3.409608335735222345e-02
3.208218426813339019e-02
4.098781922267347166e-02
3.281013031202204694e-02
2.757275796731185891e-02
3.232503088398600011e-02
1.995607560705811578e-02
4.197350114427508827e-02
1.929142993970168335e-02
1.866854952414731539e-02
4.327767502175514092e-02
3.628989551310635164e-02
3.473568145090723952e-02
3.541265162495711022e-02
3.480150302184933930e-02
3.252470499193423070e-02
3.930835703109257506e-02
3.616631546975780653e-02
1.992672027366491905e-02
3.947368421052632054e-02
3.938314843296877865e-02
4.523546276753588613e-02
3.064249941157869833e-02
4.418051278032102125e-02
4.086417506499077229e-02
3.368235258110419128e-02
1.204963104778838077e-02
2.896198860858823637e-02
3.780246169110605681e-02
3.882185065163119841e-02
3.930835703109256812e-02
4.086417506499077229e-02
3.990459630578891553e-02
4.715216350979330867e-02
3.013735196639693095e-02
3.248739319017814042e-02
3.759673220727033360e-02
2.686047762374889694e-02
1.707510338705237052e-02
1.283224168428412533e-02
4.497748668808511374e-02
1.238304227339893232e-02
2.876842325806787393e-02
2.098721580851500498e-02
3.178085158231899743e-02
4.346376691096515144e-02
4.245442294872946859e-02
1.079678316442487553e-02
1.849814494182573654e-02
4.176507823870884151e-02
3.465095219912736613e-02
3.670312433305873701e-02
1.591257044288825126e-02
3.170255017185230617e-02
1.523259485004342835e-02
3.695149565076924492e-02
4.242646768084038650e-02
4.692845102090037468e-02
1.242190915809291210e-02
2.138881206400852428e-02
1.273539786563324637e-02
3.771985660652004552e-02
3.248739319017814042e-02
3.985230125268695439e-02
3.675729843936244995e-02
2.302076172047483327e-02
2.253616031424212837e-02
3.974767899528630632e-02
1.377685215199747626e-02
4.141965170047304245e-02
4.448437002473035889e-02
3.035909389366983277e-02
1.031210378584637710e-02
3.500151455136964879e-02
4.086280011842216564e-02
2.530209514191995857e-02
3.350693410704694980e-02
3.381683767262361889e-02
3.620012568527718883e-02
3.232503088398600011e-02
4.604523700533941916e-02
3.109656889386215595e-02
3.676070343413698205e-02
4.086417506499077229e-02
3.931895463890029002e-02
4.048097634994895361e-02
2.552215923719753851e-02
4.405508126694274856e-02
3.654958840703854961e-02
2.847536913139247366e-02
3.227537722143794530e-02
3.347200372500271776e-02
1.147802209559382024e-02
3.956713400121274898e-02
1.689305274951467817e-02
3.670312433305873701e-02
4.035958896878891200e-02
4.723677274132453280e-02
1.390303185807186155e-02
3.533982083875684271e-02
3.759673220727033360e-02
4.292455045144872444e-02
3.416571028416773292e-02
3.533982083875684271e-02
3.823564860252057912e-02
1.793529381775071235e-02
3.017706700310059456e-02
3.866806326131397992e-02
1.222690494720021608e-02
3.818264530340136076e-02
3.567356947152216379e-02
3.959043364308383744e-02
4.266980053472475137e-02
3.855677571244443824e-02
3.821176940434081043e-02
3.745625357809196504e-02
3.689735633958265981e-02
3.616172045126439527e-02
3.550849160948230804e-02
3.536024450631866656e-02
3.689257369490204358e-02
3.990459630578890859e-02
4.231522768681478947e-02
3.717932534788769700e-02
2.397107200753129802e-02
3.025618283481288501e-02
2.002255710855855089e-02
3.880239980902614599e-02
4.176364200000580451e-02
3.583212914564351537e-02
1.856850081254934545e-02
3.011530818611399610e-02
3.358691343130640328e-02
1.420390627477172152e-02
1.880122295642488658e-02
3.632249961462889754e-02
3.270221303033073179e-02
3.248739319017814042e-02
1.337129367781828351e-02
1.409992393409247036e-02
3.401650702088025724e-02
4.523546276753588613e-02
3.905752874448582129e-02
3.350890167253423035e-02
2.723537804940434279e-02
3.743434572746293099e-02
3.796481300073654974e-02
4.076324144221584594e-02
3.411024562944854621e-02
3.592822437252617823e-02
3.959877445105518257e-02
3.666593918643098332e-02
3.029674468959340020e-02
3.403184114437753788e-02
2.100396751658081471e-02
3.605843354060905143e-02
3.152806483080033972e-02
1.790607309094734145e-02
1.536659042748780152e-02
3.462563677897640552e-02
1.556002902585534690e-02
3.038858689366037702e-02
3.742826934247070469e-02
4.685815333501759661e-02
4.448437002473035889e-02
3.054988683800629809e-02
3.670312433305873701e-02
1.904036979511513142e-02
1.472435306586292875e-02
3.811304671972367414e-02
1.920042199005082481e-02
3.229881295246430500e-02
3.288997521195746732e-02
8.917763261189674481e-03
3.072501570792510878e-02
3.990459630578890859e-02
3.723916756128296812e-02
4.692845102090037468e-02
3.717818718432853997e-02
3.675729843936244995e-02
3.721406948930095632e-02
4.015231851686380804e-02
3.038782652342893187e-02
3.443243933987370081e-02
