40 24
13 9
48 19
10 2
32 32
31 17
37 36
31 15
30 13
3 23
50 30
41 27
9 48
31 39
18 22
37 41
37 33
33 5
23 3
16 22
33 43
28 23
2 49
15 46
44 42
4 24
7 33
29 38
49 6
36 42
13 35
44 34
22 4
27 47
25 16
12 6
30 1
47 11
20 21
46 38
26 21
21 32
8 46
38 29
19 32
33 11
21 9
40 46
14 49
26 35
31 34
6 44
5 44
46 27
21 47
43 27
37 37
49 43
6 31
14 42
1 32
24 28
13 43
46 29
8 11
35 23
32 10
9 8
1 40
48 41
39 25
44 8
1 22
10 10
43 17
39 28
46 13
20 10
18 10
6 11
36 9
22 14
48 23
25 7
7 3
14 3
23 7
4 25
38 42
49 23
23 28
11 45
21 26
1 34
25 42
16 8
41 17
25 33
24 37
46 36
16 23
32 19
37 47
13 46
37 48
4 2
29 35
43 49
41 9
16 46
40 17
36 33
14 28
44 18
7 43
15 44
35 24
2 42
46 37
15 5
23 40
25 40
12 50
45 1
29 48
29 49
15 23
50 34
33 15
45 11
33 25
43 30
44 25
18 15
7 1
4 20
20 49
28 18
7 25
34 28
35 4
33 49
16 34
16 6
14 32
11 20
20 33
28 39
43 38
22 2
39 10
9 40
44 46
31 31
47 33
50 43
9 9
46 45
46 44
50 21
25 48
28 37
37 29
7 4
15 42
26 50
16 47
36 3
46 3
45 19
19 5
31 13
2 41
3 46
35 36
18 44
29 40
3 19
16 13
4 40
14 22
22 38
30 24
49 41
48 45
7 19
13 25
3 12
25 17
28 19
3 27
49 14
45 10
5 41
42 22
17 16
17 24
31 3
21 49
21 23
16 48
34 50
16 12
12 42
34 25
42 25
34 14
9 23
37 49
10 25
17 38
33 41
48 11
32 48
18 21
46 48
37 31
15 49
11 32
9 2
25 30
44 40
39 41
28 25
40 29
4 15
7 6
1 35
1 6
30 7
19 48
18 31
6 15
23 27
23 23
15 20
17 34
30 20
23 38
16 2
15 32
16 39
47 1
17 40
42 4
48 15
9 19
14 23
11 18
19 44
7 36
3 21
6 21
22 15
8 40
23 21
30 9
44 11
43 16
18 27
16 17
29 31
11 19
34 39
18 1
34 38
17 4
38 31
5 28
48 5
4 10
12 43
17 41
47 44
30 43
43 46
43 34
46 41
36 32
33 24
28 1
5 36
17 5
47 9
15 10
2 5
31 8
11 6
10 38
20 13
8 26
13 36
46 18
25 28
25 22
29 45
27 29
13 49
32 45
3 48
45 49
49 3
47 14
14 11
38 39
24 5
19 31
18 19
40 44
22 48
18 29
1 3
38 27
37 40
16 40
8 8
49 21
41 4
2 46
18 20
48 25
33 39
45 48
4 16
17 2
7 20
26 20
38 46
35 15
14 41
15 39
18 30
28 17
46 20
46 46
3 36
12 44
6 19
50 24
48 29
23 47
24 45
22 11
24 47
2 18
31 22
26 14
11 30
31 1
1 16
18 32
14 24
21 8
31 19
36 44
30 11
49 39
39 31
3 40
3 35
46 1
28 26
14 1
12 49
35 19
47 10
32 49
42 30
27 19
2 19
7 10
11 42
17 32
45 25
33 36
25 26
3 15
29 50
10 14
20 6
9 25
32 24
19 11
12 34
39 30
48 18
39 5
8 19
29 15
39 16
49 31
1 11
42 41
19 13
8 49
38 14
3 1
50 29
2 4
41 11
20 25
20 1
28 20
3 5
18 49
14 25
39 39
7 35
12 28
41 13
6 46
18 33
44 30
4 26
36 49
35 18
19 2
5 18
30 27
8 10
1 30
34 13
7 21
48 32
31 33
50 36
31 21
19 50
15 26
32 29
10 11
49 20
21 17
15 6
23 17
14 39
15 21
8 7
8 50
38 20
23 32
37 7
32 13
44 44
21 25
20 19
50 12
3 33
37 30
22 13
23 22
6 41
4 36
50 44
36 13
3 49
21 11
15 36
18 42
5 24
33 30
35 43
1 45
18 3
32 15
39 40
10 23
32 31
4 34
14 2
31 18
25 9
49 2
12 47
8 15
28 47
45 50
8 23
35 8
10 17
11 29
13 48
33 31
23 25
39 1
36 6
5 16
37 2
25 43
35 45
42 35
18 34
2 27
15 48
12 10
48 4
6 30
7 38
32 50
37 1
43 8
50 26
12 35
44 28
29 5
47 36
41 46
13 50
27 22
17 26
14 20
17 23
26 48
45 20
35 13
40 26
5 11
38 36
14 16
37 38
10 35
15 27
13 40
23 34
18 43
19 47
45 5
15 40
41 18
48 35
49 46
12 20
18 37
22 47
22 12
29 43
31 44
11 17
50 17
40 27
44 19
38 6
31 16
31 26
34 2
50 16
5 35
41 37
21 21
2 10
9 42
21 4
23 11
41 5
5 17
8 28
38 7
5 19
21 44
45 29
13 16
31 46
43 36
20 32
29 36
17 29
3 13
41 21
43 33
34 20
44 3
24 32
5 14
25 20
6 4
36 23
38 28
41 30
47 42
40 8
39 44
4 21
40 15
17 12
33 46
10 37
23 16
42 42
34 9
5 49
17 36
46 49
30 39
3 47
6 42
3 50
19 39
9 35
24 40
38 1
32 22
4 13
15 43
41 3
11 47
10 19
32 23
2 24
31 11
46 50
22 27
46 33
28 4
27 13
13 23
49 35
21 42
41 49
47 31
18 38
2 28
8 31
50 39
50 8
2 22
39 33
9 41
2 12
34 15
34 49
20 20
47 27
50 5
10 49
33 4
36 46
31 5
2 20
20 30
19 3
25 24
5 29
28 48
3 29
43 24
31 2
45 46
42 32
8 44
6 16
11 44
5 32
5 42
40 6
3 7
3 34
35 40
11 4
31 30
8 34
21 19
18 4
9 24
47 21
47 30
31 20
25 23
23 12
10 21
26 9
7 45
34 40
12 9
14 15
45 28
30 19
18 9
33 35
32 21
21 41
27 31
43 39
2 1
42 18
1 33
47 49
1 7
36 50
34 7
45 41
33 7
9 26
24 31
24 43
43 40
14 5
46 11
48 17
38 45
27 33
48 20
33 27
27 26
35 6
2 36
26 1
45 35
26 26
41 7
32 38
10 24
15 15
16 30
9 37
19 33
47 17
8 32
41 41
34 45
17 43
7 31
48 42
39 49
16 20
17 35
19 18
44 43
48 13
22 28
14 45
45 24
4 32
5 37
16 5
48 6
31 6
16 7
19 23
47 34
15 38
30 45
26 23
5 12
14 44
8 1
28 22
25 41
42 36
36 34
4 46
48 14
15 50
26 13
22 49
35 39
46 17
39 50
49 36
43 35
5 21
37 28
3 3
48 9
34 44
23 31
41 38
8 48
18 48
49 33
18 16
32 33
18 36
1 38
20 41
18 35
19 34
34 35
32 1
11 5
35 14
12 40
5 38
9 10
34 26
45 30
32 16
24 12
10 7
39 42
39 34
28 21
28 3
9 18
40 2
44 1
40 28
20 15
49 32
27 42
46 14
47 7
37 3
12 23
24 24
38 23
35 33
17 7
41 36
43 32
24 16
28 34
15 8
12 7
25 25
49 16
16 4
46 21
32 6
14 46
44 24
41 20
6 28
37 19
19 22
6 17
15 25
32 14
22 25
2 50
16 36
4 7
42 38
16 19
40 33
23 33
7 40
46 31
2 8
10 15
33 32
25 34
28 5
24 3
8 38
9 45
45 15
39 3
22 43
48 44
40 40
29 12
32 47
21 28
38 10
11 41
15 3
25 27
24 38
2 26
41 6
10 44
5 5
19 16
3 43
2 31
25 4
4 22
37 43
22 18
42 7
22 41
21 2
41 16
40 38
36 2
24 29
50 3
11 50
19 26
15 22
29 21
32 30
30 50
24 18
25 13
13 45
26 16
35 29
46 16
11 23
24 49
17 17
48 47
30 38
40 50
6 9
17 22
44 32
4 37
8 16
38 35
36 47
17 18
4 9
21 13
31 47
49 18
26 39
7 37
26 43
21 22
50 15
33 22
33 38
42 44
28 6
31 28
8 22
37 12
12 19
37 23
23 8
5 2
49 27
2 39
19 12
1 42
35 27
49 13
21 37
21 30
40 10
8 29
39 37
29 23
9 50
21 7
17 27
27 11
42 13
4 12
29 32
23 48
27 36
30 49
33 34
20 39
23 39
7 22
12 14
1 28
33 10
38 19
35 10
11 37
31 14
28 42
12 2
43 9
6 8
28 9
18 8
36 24
48 7
16 33
12 16
19 4
33 37
41 19
28 10
24 9
14 40
20 17
49 29
25 32
42 1
7 26
3 28
28 15
30 46
39 35
3 45
42 49
48 12
19 9
50 11
43 11
19 7
31 50
41 42
25 21
36 20
30 48
34 23
32 17
4 14
37 6
11 21
48 31
17 39
39 36
27 1
30 42
47 25
12 36
27 30
37 9
38 32
9 13
44 10
39 27
5 30
49 37
40 23
22 19
48 40
22 31
22 46
35 38
24 20
40 47
15 16
20 18
10 46
7 28
14 19
27 7
4 1
7 49
39 4
20 38
50 2
48 8
50 33
21 10
1 17
19 25
7 46
9 1
18 23
9 22
5 39
35 48
12 8
19 29
10 4
31 7
8 47
50 49
10 29
29 18
44 29
47 20
29 7
8 24
37 18
42 14
19 30
31 4
18 12
12 12
28 35
42 8
5 23
29 26
31 36
50 9
3 31
33 2
7 32
23 42
36 39
36 7
7 17
17 46
17 49
26 6
38 17
50 19
33 40
30 2
5 20
4 44
28 40
31 32
37 46
37 45
49 26
27 50
41 25
27 49
12 25
1 41
5 27
42 28
32 37
20 29
9 27
49 30
30 30
38 37
45 38
15 45
12 5
32 8
11 48
35 9
3 20
30 44
20 48
43 42
45 9
14 10
1 47
42 33
15 4
45 39
26 36
4 45
33 47
11 22
44 7
25 5
10 40
33 16
27 21
3 11
44 13
4 30
24 39
35 26
21 43
18 13
44 23
30 33
34 36
19 24
7 16
29 6
29 22
22 45
27 12
37 39
16 1
27 43
40 9
39 17
9 29
19 38
10 41
5 50
29 34
44 20
44 12
8 17
10 5
38 11
49 42
10 3
19 46
37 32
15 17
37 15
45 40
43 50
50 7
14 47
47 15
15 30
2 48
26 7
38 40
5 13
9 4
6 50
37 5
10 9
2 30
10 13
26 15
41 50
35 20
23 14
36 45
11 9
36 22
13 14
6 34
8 25
31 27
42 37
43 5
13 38
17 31
27 5
11 36
16 42
1 14
23 45
4 43
18 6
5 47
6 5
38 5
50 4
4 6
13 47
25 2
7 39
23 24
1 46
6 45
48 38
14 12
4 5
28 36
24 21
46 7
6 23
12 48
31 9
12 46
33 50
39 12
27 37
36 14
13 17
47 48
35 50
2 6
14 8
46 23
6 33
29 42
6 49
42 23
23 41
32 39
47 39
50 48
41 14
25 1
29 1
26 11
32 46
48 30
30 18
16 9
20 45
2 13
34 6
44 27
30 21
5 40
4 47
48 2
23 35
4 48
48 46
34 27
22 37
3 44
14 38
44 9
12 31
28 11
49 8
28 33
47 45
47 6
20 4
30 26
29 13
30 10
36 15
9 31
7 12
43 29
48 36
11 40
30 5
45 17
6 3
26 38
42 24
7 5
15 24
50 18
11 15
40 1
43 23
31 29
34 41
48 49
20 14
11 33
16 26
7 27
9 28
13 13
22 30
46 28
3 4
40 16
45 3
34 31
21 40
11 34
19 19
2 43
9 11
17 37
36 36
18 26
9 17
29 4
33 6
35 30
32 11
30 35
5 4
47 28
16 16
12 41
22 7
50 38
36 30
21 48
14 9
38 8
3 17
46 10
14 6
40 11
44 37
8 4
28 24
15 12
37 27
43 26
36 38
11 2
40 25
20 8
36 40
37 26
50 28
32 36
45 6
40 32
26 2
11 13
49 9
11 11
25 37
40 39
20 16
28 7
10 28
6 2
1 8
4 31
2 17
7 47
38 34
32 18
26 32
24 15
16 41
2 34
3 39
5 8
48 21
44 14
17 28
22 35
35 22
24 13
13 41
31 43
40 35
32 20
28 32
30 36
18 41
34 30
16 32
29 14
40 5
49 48
23 29
18 47
47 19
27 17
19 27
36 26
49 50
36 12
15 1
30 12
43 2
26 22
13 2
26 8
8 12
15 35
28 8
29 16
14 17
43 19
2 40
2 47
33 48
45 33
28 30
35 17
21 16
29 44
45 34
42 9
42 16
33 44
41 34
14 27
13 19
27 41
48 33
4 19
21 39
34 21
32 42
10 26
6 40
26 34
20 28
38 16
5 48
30 40
3 38
44 4
13 34
36 35
44 47
13 32
46 34
33 23
11 1
25 47
33 17
39 22
39 23
13 5
8 30
46 25
17 10
22 34
22 36
8 39
50 14
41 39
35 5
35 2
46 2
2 33
2 9
30 22
50 35
13 22
11 43
25 11
35 37
5 10
12 33
24 48
42 20
8 27
30 29
24 35
29 33
36 4
47 35
32 5
41 10
26 44
28 50
48 16
37 50
8 45
5 31
33 28
37 20
15 37
19 21
26 29
17 20
9 3
46 40
27 18
31 23
42 2
29 47
44 6
34 12
47 43
40 19
3 6
9 49
22 32
5 33
44 5
43 44
16 25
17 44
21 6
39 32
48 34
49 10
10 39
50 27
10 16
38 30
16 37
32 2
27 40
39 38
18 14
6 36
41 28
38 49
9 20
50 50
13 11
29 2
10 50
28 43
33 42
13 44
41 44
46 24
37 11
2 29
22 16
8 33
21 38
30 4
6 37
46 43
43 18
39 18
24 2
24 17
42 31
29 9
34 11
25 14
19 10
14 26
3 42
42 19
5 9
18 50
40 41
23 15
38 22
6 6
24 34
39 7
32 35
4 38
22 10
13 26
44 36
21 31
11 25
7 30
23 37
45 12
13 42
44 2
16 11
28 27
21 1
18 28
42 50
1 5
38 21
14 4
20 46
10 33
47 37
44 48
9 33
49 5
9 7
43 6
34 48
11 10
38 12
21 24
14 18
17 6
17 30
20 37
34 1
37 35
42 47
5 1
10 30
8 21
31 42
32 44
11 8
26 37
1 48
24 7
26 12
11 12
10 31
4 29
14 48
7 14
4 27
33 20
35 34
44 38
47 5
47 40
44 49
25 19
43 37
21 5
47 50
43 15
19 35
20 23
6 22
17 8
26 49
3 8
9 12
46 8
2 3
1 29
17 50
18 24
1 21
30 32
47 16
7 29
28 12
43 12
7 11
24 36
21 29
13 27
30 25
36 48
47 8
10 42
10 45
22 26
43 22
24 30
15 7
27 28
20 2
8 3
13 24
8 6
27 2
25 10
9 43
16 24
26 47
26 19
29 41
8 14
29 46
20 35
12 24
11 38
33 12
35 16
9 38
33 1
23 13
27 27
18 11
27 48
25 12
9 47
45 42
15 29
41 48
9 36
22 22
35 12
12 45
1 25
36 19
10 32
6 7
2 2
6 18
20 9
50 23
49 47
31 40
30 37
22 29
40 7
46 39
19 45
7 2
41 23
10 27
12 3
17 1
22 5
19 6
17 19
38 47
19 17
25 38
33 18
49 24
4 35
11 49
3 9
45 47
45 14
38 43
16 31
39 46
29 27
23 2
48 10
45 4
33 3
24 22
17 47
29 17
27 38
1 37
48 39
9 39
14 7
29 10
9 5
11 31
43 28
18 18
13 4
50 46
8 5
47 3
46 26
6 29
2 14
45 36
32 34
34 18
9 6
49 45
42 10
44 16
8 2
37 22
42 43
45 7
50 10
20 5
18 40
12 4
23 9
36 25
29 30
31 41
1 31
31 10
18 46
15 13
16 28
49 38
10 36
1 49
34 43
24 33
5 34
35 31
36 41
6 48
24 1
27 44
6 25
24 41
20 36
38 15
26 4
32 12
27 32
9 15
33 19
22 39
29 11
25 44
43 4
27 46
11 14
6 20
25 45
10 12
28 14
7 9
17 3
46 5
18 25
21 27
34 19
34 29
21 12
22 50
44 39
33 21
37 42
32 28
26 33
47 24
50 37
14 30
35 49
23 10
16 27
13 28
8 37
5 46
24 6
24 44
29 20
40 48
4 28
47 4
49 25
49 15
21 15
29 25
16 45
37 24
17 13
25 35
15 34
12 1
50 45
14 31
7 44
10 18
39 8
13 21
24 26
48 48
17 11
39 45
19 42
44 26
16 38
11 39
50 20
39 14
42 11
19 28
1 27
19 43
6 32
4 33
41 1
15 33
21 35
40 43
43 21
39 29
16 21
34 8
45 45
40 30
32 43
3 10
40 31
20 12
12 37
26 10
17 9
36 8
24 10
22 33
2 11
44 31
20 31
34 37
49 44
2 38
47 22
39 2
47 18
1 50
11 46
12 18
39 13
40 13
43 43
24 19
36 27
27 6
40 18
2 37
1 26
42 12
17 48
19 14
50 41
35 41
19 41
49 11
16 10
32 40
38 9
32 41
31 38
27 24
30 23
41 32
11 24
36 11
19 40
15 18
50 32
10 22
1 43
30 14
22 24
23 19
20 34
12 27
18 7
13 31
12 15
39 43
10 6
10 43
23 6
50 31
17 25
11 26
31 45
23 30
18 17
3 24
45 21
29 24
4 42
50 47
16 14
9 21
6 24
2 44
16 35
4 39
4 11
26 18
37 44
9 46
35 44
40 49
16 29
42 29
17 33
45 23
23 1
43 45
22 6
29 29
27 14
17 42
10 8
37 14
45 27
31 12
14 37
26 17
46 47
34 34
20 43
17 21
35 28
33 45
12 39
44 22
12 21
1 19
41 35
3 2
20 27
25 36
4 50
1 44
47 41
45 13
6 14
46 42
45 37
40 42
18 5
16 49
47 38
42 39
16 44
3 30
1 15
7 15
25 50
48 27
42 3
21 34
26 27
36 43
5 43
41 29
13 15
48 43
21 50
35 47
38 24
7 24
21 45
48 50
35 25
39 9
44 15
6 39
24 50
12 17
36 1
20 11
40 4
34 22
27 4
25 15
5 3
23 44
21 36
37 16
2 23
20 42
28 2
1 1
13 6
20 40
45 2
49 1
3 25
7 8
4 49
8 43
7 7
15 19
28 44
32 27
39 6
29 3
9 14
49 4
4 23
42 5
12 11
45 32
46 4
40 45
1 36
19 49
39 47
8 35
7 18
12 38
16 18
3 16
41 33
35 11
27 35
28 41
46 30
41 47
35 7
39 48
49 19
44 35
26 41
45 31
23 18
41 40
34 32
2 32
39 15
7 23
40 3
28 16
30 3
40 34
19 20
10 48
24 8
30 47
12 26
48 26
29 37
27 39
39 20
24 11
29 19
24 46
34 3
33 13
24 25
47 46
35 1
41 12
26 5
30 34
49 17
2 21
42 6
38 2
21 14
10 47
14 50
23 4
42 34
5 15
9 44
37 10
13 39
13 20
34 5
46 32
50 22
45 26
43 48
30 15
26 42
1 23
42 17
34 46
49 49
13 1
20 44
14 13
3 41
32 7
15 2
36 17
39 24
49 12
8 20
24 42
50 13
31 49
38 41
40 20
38 3
47 2
50 25
34 16
34 33
14 36
28 28
6 38
42 48
14 33
11 35
12 29
41 43
13 37
29 39
30 6
27 10
44 50
13 10
20 50
30 41
17 15
3 26
3 37
11 3
48 22
19 15
49 40
35 32
44 17
26 45
14 14
9 30
5 7
25 3
37 13
44 41
25 46
13 7
8 42
49 22
43 41
37 4
8 13
27 25
27 15
26 30
38 33
25 29
38 18
12 32
42 27
27 45
6 12
22 8
39 26
28 45
6 43
22 44
50 42
43 7
28 38
12 13
43 31
46 9
16 43
13 29
2 15
6 27
31 48
41 2
40 37
18 39
25 39
20 3
23 46
49 34
15 41
39 21
23 26
49 7
26 28
27 34
15 47
46 22
28 49
47 23
37 17
15 9
22 9
27 23
27 20
38 50
4 8
13 18
31 24
36 37
43 13
50 1
37 21
4 3
45 43
6 26
32 9
42 26
48 24
6 35
5 25
16 15
15 28
1 2
8 41
23 36
33 9
30 8
35 21
45 44
32 4
38 48
36 5
32 3
21 33
3 32
34 17
34 47
15 31
6 13
3 14
1 4
27 16
18 45
45 22
37 34
1 18
46 19
10 1
30 16
50 40
2 35
48 1
38 13
10 20
23 50
48 28
7 42
47 47
20 26
23 5
25 49
5 22
20 22
21 20
46 6
44 45
23 49
41 8
47 32
13 33
5 45
50 6
2 25
4 41
40 22
13 3
25 31
28 46
14 29
39 19
41 31
20 24
11 27
33 33
26 46
43 3
27 3
18 2
1 24
2 45
14 34
23 20
36 21
32 26
19 37
24 4
41 22
26 40
46 35
47 26
30 28
5 6
14 43
31 25
22 3
26 24
22 17
11 7
41 26
44 33
30 31
4 17
7 48
16 50
9 32
26 31
4 4
10 34
29 28
22 21
33 8
36 10
45 16
14 21
35 3
12 22
1 39
39 11
20 47
28 13
7 41
20 7
45 18
37 25
24 27
31 35
47 29
4 18
38 38
42 15
32 25
45 8
19 36
1 13
34 10
21 18
1 9
40 36
9 34
44 21
2 16
1 20
2 7
31 37
3 22
43 20
43 25
41 24
33 29
36 18
36 29
6 1
42 21
25 6
38 4
36 31
47 12
17 45
1 10
29 8
9 16
37 8
47 13
1 12
17 14
34 4
22 42
33 14
27 8
42 46
34 42
24 23
11 28
25 8
7 13
46 15
42 45
48 3
28 29
25 18
35 35
46 12
43 47
6 47
38 44
24 14
49 28
5 26
33 26
40 14
26 25
38 26
8 18
13 30
8 36
19 8
7 50
7 34
22 20
14 35
26 3
43 1
21 46
30 17
42 40
19 1
27 9
6 10
40 21
22 23
15 11
34 24
13 8
22 1
48 37
12 30
13 12
41 45
40 12
43 10
35 46
11 16
36 16
35 42
43 14
16 3
36 28
3 18
22 40
28 31
21 3
23 43
8 9
41 15
38 25
15 14
