40.0000929488011	23.9999305421740
13.0001792957740	9.00002701126753
47.9998816848238	18.9999784730562
9.99998888241391	2.00002774567584
31.9999343234192	32.0000423599790
31.0001879734139	16.9999499076602
36.9999103919123	35.9997875432384
31.0001331505720	15.0001021152744
29.9999375426869	12.9999442079949
3.00007766788819	23.0000284803326
49.9998675746302	30.0000969564999
41.0001500276652	26.9998917598756
8.99977970971411	48.0001256167811
31.0000322514703	39.0000741165580
18.0000421004448	22.0000122380088
36.9999179298863	40.9999641210029
36.9999033541247	33.0001205195000
33.0000609348201	5.00004457834400
22.9998963788593	3.00005323351626
15.9999971762482	22.0002692884249
32.9997180233206	43.0000554637302
27.9997918950450	23.0001176518451
1.99999552468715	48.9999949315813
15.0001117954994	46.0001802265549
43.9998350496412	41.9999904902517
4.00006786672159	23.9999005006098
7.00004943232477	32.9999983356917
28.9999411531423	37.9998283952975
48.9999976075340	6.00012575957472
36.0002191313010	41.9998815844157
12.9998599418986	35.0000281644962
44.0000480099490	34.0000914349459
22.0000207550677	4.00004827476577
27.0000322084771	47.0000373550608
24.9999994119517	15.9999135523580
12.0000281389082	5.99999449494775
29.9999748660755	1.00009304010819
46.9998306540537	10.9999236419206
19.9999415983815	20.9998764302194
46.0000234442731	37.9999301333236
26.0000258786221	21.0000854441034
21.0000603656418	31.9999725434388
8.00022209653561	46.0000222871093
37.9998345869371	28.9998255165464
19.0000680410496	31.9999227368737
33.0000135829307	10.9999300519490
20.9999962012548	8.99987340696273
39.9999306862768	46.0001173968526
13.9999872474986	49.0001039894421
26.0000680361844	34.9998432783422
31.0000426214597	34.0000249868699
5.99983943305254	43.9999034447375
5.00009062107521	43.9999834254322
46.0000249514143	27.0000045678780
21.0001894228212	47.0001709555166
42.9998887621340	27.0000370436450
36.9999277958227	36.9999343546895
48.9998247813207	43.0000831383083
6.00000036123135	31.0000876000852
14.0000995144290	42.0000138307983
0.999952103064622	32.0002242231434
23.9999480898639	27.9999833233315
12.9999705340259	42.9999540953585
45.9999839450089	29.0000546193455
8.00010235160526	10.9998697697201
35.0000015894737	22.9999588475981
31.9999517342932	9.99994599223245
9.00006346745146	8.00013664699174
0.999863556195239	40.0000706849198
48.0000598624801	41.0000607570216
38.9999793501886	25.0000919815411
44.0002139366340	8.00008993932772
0.999935118622566	22.0000032717379
10.0000423592242	9.99985841430264
43.0000117865348	16.9998319139790
38.9998919221523	28.0000037781186
46.0000875526690	13.0001663462461
19.9997773718345	10.0000830999694
17.9998053888695	10.0001047654640
5.99986904053378	11.0001793817583
36.0001305623104	8.99995148782121
22.0000983969531	13.9999366370850
47.9998748613644	23.0001101900362
24.9999820246209	6.99992829788258
6.99992565935517	3.00022000214780
14.0000233241922	3.00008906168360
23.0002101344805	6.99993645682450
3.99991233336885	24.9999626497291
38.0001948788548	42.0000521876378
48.9999534727816	23.0000712899430
22.9999348082801	28.0001168406212
11.0000609630589	45.0000339968228
21.0000709124016	25.9998985270248
1.00002797960449	34.0000093145540
24.9998532543948	41.9998463794701
15.9999308682690	8.00005762176569
40.9999132011544	17.0000572062119
24.9999487492263	33.0000146680068
23.9999217913510	36.9999074276510
46.0000425789161	36.0001273140581
16.0001011540496	23.0000987920866
31.9999749332632	18.9999288138165
37.0000554236065	46.9998665696909
13.0000758880796	46.0001004236668
37.0000133842660	48.0000608510675
3.99997274385035	2.00000359244241
28.9999457372348	35.0000255350054
42.9998836895448	49.0000697162196
40.9999726482605	8.99995688206082
16.0000159503875	46.0001553913167
39.9999813291877	17.0000346650755
36.0000217904147	32.9999233514900
14.0000046238300	27.9999506547800
44.0000670324966	18.0001504536670
6.99993694990567	42.9999350143278
14.9999881589842	43.9998939513146
35.0000242064584	24.0001154726822
1.99996239153748	42.0000319256968
46.0000280444407	37.0002203528463
14.9998225547858	4.99997320932140
23.0000458577815	40.0000638054740
25.0000461822890	39.9999980630846
11.9999998812513	50.0000432255194
44.9999647061246	0.999841025881625
28.9999567008744	48.0000249650474
28.9998295225896	49.0000763109203
15.0001095716737	22.9999994267738
50.0000635772116	33.9999640310152
32.9998912815682	15.0000025904465
44.9998522734570	10.9997910742974
32.9999614750585	25.0001241868282
43.0000680836658	30.0000342142610
44.0000832649349	25.0000550592771
18.0000534598237	15.0000654700749
7.00007680245691	1.00002868112010
4.00017548876705	20.0001418357598
19.9998295687559	48.9998881068184
28.0000469508224	17.9999925312322
6.99999456961550	25.0001084119486
33.9999251125019	27.9999985450438
35.0000716764042	4.00006429255414
32.9999994487099	48.9998380130757
16.0001200114319	34.0000348747529
15.9998965982861	6.00010834134925
13.9999152432246	31.9997759880137
11.0000433422037	19.9999764355720
19.9999112476021	32.9998746828716
28.0000121232621	38.9998969803933
42.9999598095110	38.0000592835692
22.0001096678323	2.00010902525773
39.0000436674648	9.99997905385962
8.99995929953096	39.9999480778788
43.9999361309833	46.0001802246085
30.9999595118800	30.9999913874843
47.0002393862456	33.0000380610430
49.9999950376986	42.9999652074504
8.99997974240916	9.00005073296876
45.9999802465949	44.9998777832497
46.0001516316027	44.0000021564301
49.9998267791891	20.9999114291666
25.0001112472513	47.9999808377183
27.9999280718973	37.0000689514553
36.9999726634422	29.0001959331996
7.00006774044192	3.99995479585755
14.9999063549179	42.0000533254627
26.0000425716851	49.9999542944556
15.9999925456897	47.0000089446132
35.9998601192713	3.00027825861156
46.0000192306104	3.00001813291347
45.0000580389716	18.9999403054849
19.0000637859264	5.00010022243845
30.9999434018376	13.0000924812100
1.99999838623737	40.9998478320527
3.00006223225653	45.9999359914662
35.0000533436362	35.9999551984790
17.9999610659244	43.9999746333317
28.9998728332212	40.0000104909317
3.00002726010616	18.9999439638250
16.0000317468465	13.0000433441572
4.00014983682759	40.0000470756352
13.9998446199209	21.9999157429547
21.9999645708377	38.0000375919009
30.0000434227622	23.9998878143529
48.9999898521980	41.0000824889591
48.0002028767985	44.9999786153238
6.99996327881216	19.0000720025224
12.9997636225152	24.9999006531749
3.00007298583454	12.0000781864817
24.9998600979241	16.9999723732807
28.0001314887037	18.9999927358710
3.00004038253747	26.9999728276253
48.9999655833772	14.0000671240970
44.9999019935743	10.0001802719740
5.00018573454199	41.0000896098517
42.0000309538453	22.0000029449916
16.9999510897274	15.9999252423782
16.9999305116702	24.0000084047227
30.9999819607398	2.99990023804055
21.0001256283344	48.9999912642809
21.0001910743619	23.0000942072918
16.0000027192961	47.9999912501540
34.0000427129436	50.0001192776006
16.0000323364836	11.9999501831785
11.9998351031966	42.0000437546270
34.0000140337988	25.0000330044189
41.9999501957262	24.9998599858140
33.9999572226975	13.9999478118916
8.99998491256570	23.0001004918394
36.9997109189942	48.9998862210614
9.99992654579391	24.9999846752002
17.0000756215217	37.9999025750654
33.0000120792843	40.9999020498811
47.9999484094353	10.9999078547916
31.9999659141581	48.0000823138388
17.9998920007849	21.0000006565077
45.9999302611088	48.0000374132782
36.9999417003287	30.9999444804781
14.9999813874587	48.9999875361534
11.0000587960618	32.0000836974250
8.99999789586030	1.99987125237969
24.9999920238692	29.9999241487246
43.9999164485215	40.0001020577090
39.0000978620078	41.0001694427392
28.0000235477912	24.9999136811720
40.0000566047742	29.0000439280578
4.00002192902537	14.9998753121961
7.00008077110128	6.00006577017718
1.00015125267406	35.0000133127765
0.999956836657744	5.99989862099356
30.0000542560581	7.00005089666180
19.0000679299892	48.0001264501025
17.9999991233089	30.9999842394974
6.00019119413173	14.9999101368751
22.9999021384145	26.9998882033701
22.9999513870797	22.9998758116597
15.0000077897952	20.0000398455300
17.0000026201003	34.0000339393133
29.9999777216126	19.9999216422917
22.9999520294501	38.0000754028533
16.0000824587314	1.99989344162824
14.9999939596673	32.0001487362837
15.9999193236170	38.9997872267574
47.0001712837802	0.999972622555596
17.0000912158351	40.0000753309636
42.0001488841707	4.00000122750597
47.9999973251951	15.0000049070104
9.00019158242344	18.9999491479784
14.0000919677108	23.0001965257548
10.9998191901313	17.9999539664880
18.9998734692150	44.0000697998178
7.00005836306155	36.0001211256588
2.99998838120415	20.9999660240879
5.99998561877314	21.0001448645580
22.0001074769556	15.0000443910564
8.00017021890333	39.9998512197624
23.0000391235336	20.9999528724311
30.0000127331573	8.99998547848893
44.0002250931024	11.0000637923187
42.9999989322069	16.0000712707186
17.9999549450818	27.0000697064159
15.9999404950421	16.9998553001192
28.9999264330416	30.9998474247944
11.0000081695062	19.0001345511655
33.9999139143037	39.0000823446603
17.9998141589519	1.00004121845490
33.9998715113110	38.0001546189754
17.0000436202166	4.00018469487178
38.0001091282803	30.9999227703969
5.00012026021916	28.0000041902847
48.0002312863632	5.00004310674217
3.99989160206532	10.0000120365367
12.0001364534234	43.0000202805282
17.0000081680223	41.0000194154727
46.9999532217774	44.0001086571339
29.9999573620324	42.9997251276359
43.0000889624635	45.9999994108198
43.0000649750023	33.9999749567027
45.9998193821400	40.9999531295979
36.0001024696399	32.0000144009406
33.0000825232264	24.0000534210961
27.9999763667735	0.999971505957551
4.99990187341327	36.0000018133549
16.9999230411768	4.99983500821907
46.9998763877125	8.99988857090595
14.9999949785293	9.99996266892886
1.99996113359978	4.99998296189527
30.9999688054889	7.99989330228676
11.0000221364700	5.99988193556544
9.99997026750149	38.0000612916815
19.9998302805274	13.0000134828653
7.99994012907097	26.0001376903270
12.9999476653188	36.0000545738785
45.9998284171155	17.9998834364146
25.0000885677856	27.9997781426721
24.9997833354628	22.0000139236703
29.0000422126881	44.9999772858393
26.9999705190903	29.0000554559504
12.9999635748673	49.0000913972183
32.0000647656011	44.9999799816590
2.99996964677915	48.0000148786992
44.9999773162067	48.9999278642517
48.9999128419166	3.00012012930969
47.0001125759501	14.0000051885204
14.0000991618789	10.9999467410753
38.0000686437254	38.9999542546524
24.0000531254292	5.00018182728195
19.0000726437042	31.0000507958614
18.0000694253864	19.0000420440281
40.0000394100621	44.0000336928312
22.0000631624136	48.0000454330108
17.9999290896610	29.0000472254360
1.00000293466604	3.00000063762352
38.0000550376908	27.0001711590607
36.9999274517370	39.9999760570954
16.0000000764372	39.9999156561896
7.99998124886867	7.99995872487069
49.0001241424237	21.0001182966073
41.0000472488291	4.00007815206429
2.00010944724100	46.0001171962011
18.0000622670091	19.9999785847067
48.0001009233810	25.0000150936525
32.9999905502766	38.9998185690208
45.0000115152809	48.0000945596698
3.99993718430097	15.9999892512824
17.0000387572465	2.00000560385436
7.00030742728579	20.0001013494534
26.0000097586362	19.9999726627373
37.9999954405361	46.0000430841310
35.0000858255677	14.9999282152138
13.9998436381251	40.9999468160648
15.0001128228354	39.0000541662509
17.9999152428294	29.9999788227805
28.0000567507162	16.9998434349476
46.0000276596921	19.9999462134934
45.9999932974758	46.0002909509160
2.99992827217682	36.0000492827187
12.0000417311720	44.0000215098339
6.00011245599084	18.9999590985256
50.0000682643241	23.9998180549031
48.0001396091654	29.0000135598307
22.9998611410850	46.9996921036782
24.0000019262481	44.9999076618542
21.9998649646520	10.9998544877532
24.0000114635501	46.9999786706150
2.00005416317542	18.0001073617254
30.9999232334137	22.0000515949709
26.0001282825081	13.9999556334047
10.9999525143622	29.9998373462042
31.0000623431046	0.999946683188939
0.999965230263194	15.9998814421674
17.9999241675881	32.0000429481839
13.9999262834878	23.9999414379385
20.9998548964238	8.00014167440696
31.0001520753738	18.9999882623045
35.9997552762769	43.9998481139813
29.9998709953593	11.0000079236130
48.9998015426210	39.0000717367668
38.9998657053186	30.9999504061176
2.99972081613227	40.0000617738375
3.00006021863403	35.0000339304058
46.0000040442705	1.00003844473879
27.9998969082326	25.9999673450602
13.9998699024416	0.999987235546738
11.9998682020966	48.9999865732610
34.9999721544560	18.9999871521221
46.9997977907009	9.99985442661496
32.0000406729843	48.9999981734010
41.9999910173949	29.9998809563180
26.9999657737579	19.0000127946580
2.00006522257696	18.9998833554667
7.00003457448787	10.0001362765218
10.9999655314310	42.0000820975156
17.0000030785946	31.9999460806875
44.9999866652145	25.0002064612632
32.9999373962652	36.0001139357119
25.0001111439733	26.0000853397161
3.00012021662592	14.9997927249273
29.0000072381857	49.9998734245994
9.99989732524286	13.9999297719164
19.9998827029512	5.99996723063144
9.00002510042171	24.9998688448636
31.9999735377791	24.0000655080617
18.9999186809226	10.9999477287956
12.0000132016783	33.9999834628199
38.9998815348305	29.9999451454300
48.0000340420554	17.9999911740617
38.9998407906582	5.00013721799498
7.99975462366643	18.9998169528559
28.9999791879422	14.9999038535537
38.9999018070116	15.9999529085385
49.0001531119118	31.0000554739931
1.00013726697010	10.9998976914861
41.9999387882093	40.9999475219215
18.9999033262977	13.0000703483761
7.99997836046006	48.9998772065282
37.9999683917538	14.0001047608985
3.00013853174280	1.00003421786678
49.9999651704675	29.0000569912411
2.00012055109808	3.99999851110314
41.0001237243483	10.9999002548042
20.0002519723539	24.9998400472355
19.9999620549865	1.00001533807018
27.9999524731459	20.0000715557353
3.00016757253473	5.00007242027114
17.9999261630998	48.9999913954252
13.9998184497030	25.0001648136441
39.0000086728317	39.0000185027816
7.00005002575055	34.9999597014590
11.9999637019170	28.0000105222787
40.9999649307952	12.9999384029853
5.99986370900709	46.0000687530551
18.0001722803931	33.0001556752774
44.0000201372151	30.0001040086182
3.99994523132078	26.0000248261615
36.0000401812364	48.9998639196372
35.0000834395009	17.9999363328369
18.9998951703288	2.00004030443327
5.00002252632101	17.9999923400026
29.9999517630270	27.0001382435835
8.00016507153495	10.0000660856079
1.00001589257508	29.9998566306389
33.9998875314619	13.0000632975923
6.99998889365233	21.0000668609507
48.0000449050979	32.0001750700220
31.0002100583376	33.0000085325717
50.0000039567468	36.0000263015305
31.0000571572581	20.9998424590874
19.0001200726152	49.9999539660903
15.0000508771972	25.9998506450790
31.9999130238289	28.9999852034980
9.99998389354457	10.9999220524479
48.9999342175054	19.9998711922839
21.0000706751835	16.9999995514809
15.0001540317161	5.99991593000387
22.9999978058354	17.0001267781171
14.0001054761743	39.0002227383528
14.9999303242178	21.0000152662013
8.00001593013900	7.00002822603002
7.99998235298648	49.9998041655051
38.0001630259210	20.0001497394054
23.0000293963923	31.9999376174373
37.0000767713166	7.00003908985554
31.9999658813393	12.9999798701959
43.9999366597360	44.0000343561984
21.0000394702974	24.9999913607727
19.9999181561403	19.0000130692158
49.9998638270317	11.9998935943340
2.99996978826060	33.0000132694805
37.0001599174481	29.9998511629971
21.9999607678896	12.9999891433450
23.0000220828441	22.0000182589623
5.99994062781376	40.9999721554387
3.99979496070764	36.0000325719530
50.0000000427093	44.0000884995340
36.0001693659896	12.9998406001478
2.99996684716963	48.9998544639326
20.9998849855438	10.9999380224311
14.9999009327776	36.0000428207744
18.0000364189874	42.0000345703163
4.99995796687055	23.9999644659245
33.0000983621685	30.0000580104780
34.9999724234822	43.0002078772331
0.999791447611455	44.9998920950637
17.9999560528736	2.99991539150695
32.0000711924472	14.9998170003854
39.0001026476113	40.0000133610745
10.0001284934576	23.0000794793543
32.0001000720309	30.9999628499173
4.00010733913463	34.0001090049088
14.0001894032499	1.99997684392454
31.0001534432380	18.0000243704350
25.0000175588573	9.00010138834298
48.9999523882229	2.00005879130468
11.9999720251400	47.0000315685112
8.00007026303547	15.0001426476733
28.0001208174834	46.9999085941487
44.9999752440696	49.9999535252204
8.00015126704875	23.0000296200816
34.9999275052869	7.99996429574656
9.99995346688712	16.9999436143328
10.9999613049123	29.0000720381995
12.9999338049604	47.9999492364942
33.0000869901288	31.0000395061516
22.9999812914097	24.9999816628728
39.0001851537260	0.999956419756142
35.9999993871474	6.00004572541729
5.00018662802548	16.0000291098345
36.9997570031573	1.99980262929348
25.0000361816763	42.9999660943445
35.0000283483479	44.9998921386907
42.0001935188963	35.0000111895665
18.0000261723998	33.9999282534531
2.00017791615513	26.9999985840930
15.0001892735851	48.0001253577957
11.9999379684229	10.0001701752828
47.9998809343351	4.00007985458631
6.00008581940134	29.9998401880256
6.99991849230065	38.0001467198682
31.9999842846806	50.0001075071621
36.9999428771218	1.00002534380938
43.0000100810657	8.00024304721849
50.0000596424919	25.9999539047940
12.0000712203758	35.0001793683152
44.0000135641331	27.9998893500678
28.9999053091350	4.99996027680105
46.9999153072288	35.9998827445500
41.0000292302758	46.0000562614264
12.9997815699013	50.0000363942576
26.9998825555318	21.9999348782140
16.9998434231207	25.9998593028670
13.9999672053240	19.9997302386415
17.0000485221314	22.9999046378698
26.0002364750231	47.9998565470722
44.9999995873003	20.0000661083447
34.9998932361735	13.0001077427720
39.9999546451187	25.9997997837304
5.00004582212655	10.9998252612279
38.0001021846825	35.9999521051830
13.9999540925227	16.0000947337328
36.9999995390152	38.0001253198246
10.0001185861712	35.0001470473077
15.0000223739385	26.9999603609506
13.0000080392146	39.9999342386302
22.9999668932432	33.9998966243756
17.9999615371815	43.0000550930000
19.0001058003564	47.0000764798920
44.9999468340497	4.99984698545995
14.9999952729516	39.9999860173219
40.9998966180658	17.9999468692265
48.0000603745413	35.0000602158531
49.0000249176129	46.0001143889184
12.0000441543759	20.0001199512308
17.9999973073801	37.0000487490676
21.9999257901680	46.9999581282231
21.9999914685034	11.9999522344315
28.9998715890983	42.9998825664695
30.9999661404270	44.0001164347790
11.0002307189740	16.9999101642092
50.0001672313144	16.9998052658692
40.0000867775594	26.9999172987930
44.0000438064361	19.0001451055598
38.0000826555359	6.00002528315234
31.0000389500771	15.9999633241500
31.0000931750177	26.0000204297918
34.0001205763049	2.00003884392498
49.9998978742254	16.0000437946869
4.99998090105798	34.9999819717912
40.9999972849163	37.0002284422645
20.9999444881097	21.0001058233180
1.99990058164113	9.99975230534395
9.00012721202811	41.9999048586638
21.0000667813342	3.99999675085750
22.9999089223984	11.0000497178072
40.9998947321969	4.99997152489149
5.00004271992934	16.9999954135394
7.99993111616610	27.9999675084690
37.9998801700771	6.99986836342055
4.99997525420479	19.0002129761372
20.9999155266288	43.9999803877277
45.0000849617303	29.0002324657676
13.0002306572973	15.9999109780988
30.9998299047295	45.9999742815024
43.0000837502845	35.9998691158743
20.0000422432495	31.9999144396186
28.9999157444482	36.0000902037749
17.0000961657957	29.0000755764983
2.99991116252977	12.9999124527753
40.9998117750303	21.0000150960373
42.9998876685740	32.9999559604956
34.0000578163341	20.0000827646034
44.0000410310226	2.99992306753124
24.0001002654900	32.0001555775980
5.00004907730486	13.9998449648634
25.0001260354518	20.0000290746016
5.99979951868096	3.99984869753191
35.9999695494882	22.9999274346485
37.9999636796334	27.9998924391339
40.9999942115602	30.0001548817553
47.0001067183420	41.9999837479088
39.9999323575762	8.00003258207978
39.0000252453551	43.9998558091900
3.99980893328092	20.9999039925446
39.9999084643081	15.0000347577746
17.0000940144942	11.9999896881870
32.9998256536008	46.0000660631388
10.0001414845833	37.0001157110052
22.9999515897745	15.9999080610910
42.0000527767287	41.9999029475640
33.9998823721939	9.00004560977753
5.00007548086674	48.9999879184374
16.9999998589451	36.0000012898735
46.0001254061208	48.9999114435897
29.9999453255566	38.9999051414434
2.99992646449588	47.0000446796011
5.99992439221436	42.0001560146448
3.00019747074873	49.9999653484226
18.9999670288575	39.0001108169900
8.99983909871490	35.0001369711848
24.0000948567192	40.0001071998189
38.0000024952433	1.00015164161741
31.9999644127721	22.0000358780632
4.00005168174387	12.9998385757219
15.0000887479405	42.9999176231208
40.9999362821513	2.99998454403301
11.0000110897550	46.9998548050770
9.99996893450881	18.9999475795168
31.9999421899992	23.0001274696848
2.00004755246654	23.9999219527040
31.0000721366991	11.0000202979837
45.9998629862837	50.0000281283423
22.0001110127535	27.0001845246767
46.0000148839775	32.9999748176722
27.9999763964355	4.00006453609253
26.9998411518869	12.9998768651696
12.9999742788090	22.9999122858274
48.9999930440230	35.0000326549586
21.0000103799039	42.0000524352814
40.9999563498852	48.9999527832351
47.0000926094999	31.0000274734105
18.0001568028521	37.9999327268007
2.00012436297058	28.0000574249116
7.99997694507275	30.9999297652419
50.0000335603822	39.0000251299158
50.0000406721273	8.00003524128928
1.99993782009087	22.0001432881021
38.9999988512774	32.9998890546236
8.99994102814620	41.0000213758739
2.00000687555533	11.9998273592954
34.0001610037079	15.0000126833141
33.9999812965628	49.0000784311140
19.9999269238613	19.9998932817295
47.0001377438503	26.9999794855548
50.0000873068217	5.00012286174189
9.99994745983475	49.0001655789429
32.9999263002153	4.00000020491506
36.0001410895255	46.0001485826052
31.0000031370406	4.99998414472350
2.00001852547020	19.9999126064788
20.0000349281908	29.9999896159162
18.9999370942067	2.99982573992576
25.0001088883017	23.9999173745628
5.00023531367352	28.9999378776385
27.9997512175546	48.0001378428198
3.00001979655721	29.0000222554907
43.0000945361176	24.0002044141994
30.9999204163672	2.00004451338458
45.0000089736535	46.0000353636706
42.0000170593257	31.9999776267071
7.99994002495588	43.9999108459243
6.00007065680727	16.0000169471300
11.0001214850010	43.9999623861037
5.00002232257421	31.9998442746590
5.00003696624507	42.0000514936925
39.9999453498848	5.99998350089866
3.00011184897039	7.00002619980163
2.99999097294174	33.9999479604131
35.0000440656812	40.0000685396228
11.0001174761742	3.99994014624591
30.9999702759849	30.0000355786097
7.99998058164213	34.0000668191548
21.0000090556925	18.9999874649279
17.9999776684484	3.99990796314600
8.99987310713738	24.0000238640031
47.0000482404189	21.0001077193089
46.9998558466245	29.9997821962112
30.9999695546997	20.0000114004896
24.9998591608688	23.0000141137432
23.0001301448255	12.0000349953412
10.0000085390486	20.9999621324030
26.0000478953111	9.00003381811955
6.99997371629485	44.9999445911570
34.0001586840093	40.0000255297226
11.9999596018066	9.00011481386820
14.0001151702958	14.9999909230829
45.0001153125114	27.9998920778275
29.9999474404936	18.9999896628605
18.0000429358912	9.00004340960073
33.0000126600171	34.9999729775660
32.0002114989774	21.0001661280258
20.9999005780472	40.9999558830667
26.9998415451395	30.9999574922500
43.0000310850671	39.0001629665798
1.99990303915974	1.00002986405075
41.9999410850853	18.0000535309375
1.00003314333745	33.0001333635072
46.9998701946877	48.9999344815812
1.00010717024481	6.99998142993804
36.0000421406625	50.0000869491344
34.0001422408819	6.99992033400509
44.9999688149017	41.0000238861611
33.0000913028637	6.99988365866524
8.99988810897036	26.0000509316992
24.0000240834278	31.0002235659025
24.0001123422478	42.9999837462353
42.9999351789615	39.9999597733237
14.0000087371071	5.00016610853918
46.0001634679190	10.9999061995291
47.9999215493644	16.9999623407995
37.9998889610826	44.9999967209633
27.0000933611513	33.0000606995055
47.9999976512725	19.9998910957180
32.9998899321179	26.9999032223581
26.9999106289841	26.0000304440517
35.0000346268765	5.99998108586430
2.00002448838576	35.9998323993423
25.9999648421663	0.999827640080270
45.0000229059964	34.9998267874963
26.0000564432430	26.0000019809718
40.9999269031698	7.00004531330761
31.9999680240125	38.0000667068467
9.99992743432063	23.9998938012314
15.0001339889066	14.9997989160588
15.9998721306915	30.0000592231452
9.00016141006980	36.9999915794731
18.9999430231320	32.9999982253292
46.9999997968476	16.9999593904935
8.00009575390951	31.9999688436074
41.0000737782095	41.0001901754920
33.9999658605685	44.9999846150298
17.0000888577326	43.0000510788428
6.99988202764109	30.9997828702255
48.0001381474793	41.9998512658545
39.0001160443997	48.9999218296414
16.0000018512603	20.0000146792796
17.0000403892315	35.0000361658285
19.0000979507085	18.0002509785839
43.9999672264028	42.9998242666492
48.0000545407199	12.9998271853485
22.0000687198639	27.9999718818974
14.0000371951029	44.9999130575391
44.9998579467767	23.9998961414895
3.99996643335207	32.0000952893903
4.99980237570427	36.9999573321842
15.9999616988538	5.00004685216149
47.9999210142196	6.00002034452792
30.9999903959618	5.99983993452146
16.0000377406739	7.00007658612572
19.0000830014506	22.9999743694178
46.9999856833383	33.9999337844953
15.0000040143401	37.9999846813402
30.0001013283314	45.0000393344951
26.0001296713124	23.0001104958582
5.00002175918055	12.0000102089694
14.0000861256499	43.9998275320947
7.99992700990022	1.00008343267015
28.0001585621622	21.9999453522176
24.9999337227444	41.0001845205007
41.9999232465545	36.0000610033869
36.0000538124311	34.0000654146787
3.99999346674492	45.9999658973293
47.9998413508897	13.9999156749876
15.0001077467846	49.9999270099913
26.0000695205414	12.9998703385954
22.0001647625193	48.9999176322575
35.0000294840340	39.0001181927186
46.0000704982762	16.9999401740752
38.9998848549613	49.9999940428324
49.0001859464823	36.0001557385424
43.0002371458564	34.9999501290003
4.99996186800319	20.9999798552737
36.9999305218809	28.0000691337336
3.00010001102630	3.00001994106446
47.9998864720968	9.00004626017614
34.0000153609373	43.9999621640866
22.9999865181482	30.9999823106193
41.0000826630004	38.0001619900661
7.99980311543352	48.0002021491437
18.0000123437830	47.9999965640977
49.0000261916564	32.9999225937000
17.9998228904685	15.9999909172135
31.9999841159837	32.9999422575834
18.0000629175638	35.9999281448235
0.999872422954922	37.9998025620540
19.9999699960149	40.9998449907212
18.0000196849227	34.9999970624611
18.9999477415958	33.9999352908097
34.0001573180318	35.0001322282993
32.0000769435283	0.999814879409209
10.9999421241512	4.99990713097088
35.0000331622862	14.0000502759230
12.0001128816597	40.0000469004108
5.00002482191592	37.9999559788087
9.00005569223056	9.99989965688801
34.0000643140698	25.9997628753951
45.0000739145323	29.9999524175006
31.9998677255405	16.0000469540855
23.9999323206431	11.9999879033250
9.99996471121012	6.99986308047652
38.9998402571310	42.0000955756234
38.9998598115149	34.0000736965287
28.0000357645576	20.9999809634278
28.0000358909579	3.00000822042352
9.00009245989318	18.0000073649885
40.0000365597738	2.00001783809435
43.9999233217733	1.00007718423787
39.9999984276430	27.9999639678163
19.9999283488293	15.0001588991246
49.0000867157850	31.9998855258319
26.9998489049582	41.9999678048574
46.0000859446942	13.9999199125605
47.0000498096965	6.99993342575704
37.0000773093647	2.99983480641741
11.9999421381759	23.0001165737006
24.0000197131548	24.0000076281741
37.9999958965708	22.9999873081258
34.9998489150707	33.0000096215315
17.0000484784059	6.99992892444465
41.0000442595083	35.9999630046377
42.9999256894957	32.0000897373705
24.0001240029075	15.9999933432364
27.9998234877418	34.0000511022105
14.9999589005853	8.00006553654301
11.9999609169884	7.00010281601561
24.9999286283429	24.9999465027767
48.9999336055302	15.9999254739925
16.0000483046980	4.00003794463201
45.9999126204549	20.9999057169985
32.0000068880436	6.00011755944573
13.9999574877887	45.9998926661959
43.9999871637589	24.0001091614993
41.0001932348771	20.0001626449134
5.99994581424031	27.9998711503677
37.0000885521307	19.0001182113645
19.0000037868687	22.0000518985010
6.00000314795943	17.0000115657597
14.9998097389816	24.9999762034977
32.0001020773359	13.9999814298307
22.0000154523570	25.0000882919045
1.99995659837366	49.9999353298639
16.0000037427372	35.9999390204037
3.99998909924310	7.00030903135226
42.0001832023148	38.0001591495822
15.9998893153842	19.0001087255074
39.9999438466888	33.0000958008315
23.0000262805965	32.9999974626292
7.00018541636884	39.9998260449786
46.0000257336215	30.9999808971901
2.00011111368890	8.00007614382517
10.0000752619345	15.0000671556649
33.0000718945597	32.0001604434617
25.0001287538998	34.0001222163317
28.0002291229558	5.00004538270765
24.0000147585045	2.99994482730641
7.99997099798755	37.9999717328684
9.00001872142367	45.0000510617655
44.9999696818357	14.9999528992016
38.9997688655629	2.99995552431304
21.9999884049105	43.0001454372121
48.0000167839319	43.9999866219082
39.9999633701237	39.9998418761895
28.9999783126344	11.9997807248575
32.0001236237418	47.0000245193294
21.0000082520072	27.9999520939806
37.9999970102159	9.99996025797167
10.9999338654039	40.9999860380341
14.9999442756167	3.00000372325911
24.9999899096844	26.9998980895716
24.0000127926821	37.9999974653135
2.00003886092056	25.9997804335832
41.0001635242419	5.99990661259272
10.0001356564752	43.9999605835367
4.99988028033632	5.00002773882001
19.0001756588816	16.0000277813773
2.99990145013231	43.0001266755851
2.00025712114357	31.0001682322803
25.0000199286993	4.00004449602023
3.99995612722135	21.9999173425246
36.9997978696600	43.0000533259551
21.9999602019238	18.0001252691532
42.0001542144106	7.00011282510134
21.9999587339569	41.0000102478713
20.9999549179447	1.99985443959776
40.9998686990020	15.9998711285314
39.9998826078830	37.9999633895092
35.9999421313779	2.00005206204724
24.0000360030262	28.9999410592594
49.9997937715533	2.99984311705229
11.0000667354672	50.0001320989882
18.9999518886683	25.9999547438518
15.0000804328144	22.0001000373503
28.9999995654268	21.0000437104294
31.9999557306532	29.9998694742619
30.0000502763791	50.0000055143146
24.0000505153762	18.0000673866426
25.0002025121049	12.9999314268461
12.9998698797330	44.9999305683276
25.9999297969347	16.0000320326001
34.9998776553410	28.9998962152794
45.9999429875571	15.9999318308857
10.9999494605988	23.0001325808567
23.9999558572154	48.9999656170724
16.9999531073339	17.0000454657785
47.9999489612672	46.9999511187446
29.9999762868169	37.9998456337732
40.0000428235250	49.9999521557391
6.00011137107236	8.99994384652643
16.9999635041391	22.0000201080590
44.0001827429020	31.9999496953120
4.00008727574572	37.0001010391616
8.00012196688502	15.9997944192938
37.9999019799432	35.0000388990055
35.9998171812563	46.9999467777957
17.0000326944437	18.0000964597311
4.00003443284557	9.00000682443063
20.9998299737855	13.0001631854525
30.9998514126296	46.9999591484119
49.0000352062170	17.9999682488678
26.0001036450416	39.0000475253267
7.00013563464505	37.0001053484602
25.9999081737048	42.9998792065201
21.0000604622208	21.9997349954155
50.0000614244381	14.9999809586264
32.9999967924838	22.0000248909511
32.9998948129261	38.0001523186702
41.9998895523051	43.9999739302836
28.0000740518464	6.00000918142090
30.9998317932876	28.0000670473354
7.99997050697168	21.9999381523882
37.0000140475174	11.9998986003549
12.0001092968867	18.9999770079185
36.9999640849664	22.9998223355800
22.9998607513263	8.00005055453044
5.00003480404706	1.99989636468754
48.9999280339325	26.9998444391371
2.00017774803177	39.0000058540378
18.9999132057970	12.0000478398280
1.00001710049300	41.9999765468528
35.0002042415306	27.0000530901950
49.0001054109847	13.0000754179193
20.9999983084306	37.0000681866867
21.0000479165441	29.9999792079554
40.0002402745201	10.0000265347411
8.00014006442384	28.9999447729771
38.9998671599900	37.0001509693582
29.0000184714187	22.9999280027432
9.00010648549689	49.9998847440627
20.9998465150456	6.99993738228783
17.0000288671076	26.9999305738243
26.9999931836274	10.9998721450536
42.0000288373151	12.9998723055369
3.99991949240038	12.0001729337440
28.9998173014910	32.0000067133162
22.9998927567403	47.9999076233246
27.0001874892191	36.0001067107681
29.9999870265561	48.9999041553757
32.9999048469241	34.0001534237489
20.0001467859729	38.9999708370952
23.0000918985409	38.9999231346237
6.99991374056465	22.0001320300481
12.0001074951525	13.9999442295232
1.00011103962466	28.0000008944339
32.9999226240685	10.0000727160553
38.0000539885187	19.0000290380861
34.9999629259743	9.99993609505005
11.0001250801087	36.9997893707181
30.9998737934197	13.9999217895273
27.9999591466104	42.0000682497301
12.0000820789996	2.00010764166471
42.9999920466205	9.00002456336694
6.00005763930748	8.00009271133557
28.0001737545209	9.00003228142495
17.9999573641032	8.00014522528954
35.9998904175432	24.0001499132105
48.0001562285102	6.99994166850686
15.9999562600078	33.0000020161059
12.0000318284108	16.0000601275931
18.9999418037349	4.00012833250686
32.9998431204383	37.0000147652016
40.9999052664748	18.9999485167470
28.0001312237661	9.99999700959866
23.9999584857742	8.99986670245472
13.9999849817194	39.9999467798879
20.0000300037738	16.9999140466287
49.0001176818179	29.0000182305453
25.0000152397257	31.9999755868176
41.9999741510813	1.00011456638079
6.99991475289144	26.0000196432177
3.00005828150490	27.9998866465411
27.9997911693254	15.0000439260709
29.9998825018137	45.9999004787722
39.0000736324804	35.0000207316468
3.00004468694125	45.0002445259062
41.9998723160086	48.9999562357674
48.0000537016831	12.0000201665651
19.0000469469278	9.00011458124143
49.9998815698531	10.9998984908070
42.9999928223035	11.0001254323091
19.0001602089025	6.99995991723019
30.9999506479209	50.0000832695097
40.9998652454060	41.9999466202800
25.0000158755120	21.0001730709936
35.9999439845268	20.0001193196807
29.9999641294551	47.9999313873305
34.0000410163719	23.0001829209836
31.9999945166791	16.9999720560567
3.99996185585539	14.0000806608113
36.9998968272865	6.00001778772816
10.9999179748614	20.9999995127510
47.9998976489099	31.0002030994912
16.9999394835254	38.9998461382684
39.0001760522556	35.9998482554125
27.0000147654270	1.00008118808250
29.9999450645487	41.9997836436235
46.9999872135544	25.0000821655403
12.0000245328164	36.0001307016462
27.0000276074288	29.9998513597666
37.0000318717912	8.99999674739281
38.0001090539930	31.9999401237095
8.99996561179621	13.0000932679288
44.0000355116409	9.99993667317578
38.9999381384646	27.0000803788795
4.99981410498278	29.9999235695357
48.9999428063650	37.0001077398518
40.0001417977350	23.0000372813598
21.9999645405081	18.9998814111824
48.0001021880005	39.9998848903821
22.0000601819641	31.0000056648752
21.9999402749215	45.9998021950667
35.0001913355473	38.0000915747256
24.0000873431899	20.0001476458711
40.0000902577204	47.0000661347711
14.9999090366305	15.9998852525605
19.9999352925054	18.0000240485544
10.0000646443025	46.0002237706461
7.00011997529657	28.0001257680487
13.9999973619929	19.0000545797747
27.0001711935127	7.00008741138456
3.99998722010569	1.00013434145046
7.00007180546029	49.0000192075451
39.0000003366682	3.99998934839048
20.0001093950949	37.9999730223476
49.9999672920600	2.00001615317437
47.9999968614761	7.99997677220049
49.9998491684831	32.9999235884187
21.0000302254269	9.99990703415707
1.00000897357446	17.0000607867122
19.0000528095275	24.9999434889074
7.00003381994867	45.9999058821126
8.99993306648956	0.999862866313425
18.0000664038085	22.9998626435117
9.00026101575461	22.0000686608634
4.99993585360207	38.9999635945423
35.0000932285340	48.0000619051053
11.9999422233657	8.00012154049489
18.9999091573953	28.9999733170107
9.99988771881363	4.00007254524104
31.0000575367847	7.00028959516706
8.00000332441234	46.9999664632706
50.0000873699000	49.0000447609643
9.99998099864066	28.9999694526609
28.9998824637717	18.0001116947919
43.9999801651551	28.9999599776705
46.9999926232425	19.9999582846913
29.0000612400142	7.00006629792901
7.99987895668273	23.9999978247227
36.9998156872501	17.9999315362872
42.0000458841631	13.9997833182874
18.9999223453883	29.9998592130399
30.9999509226665	3.99994593426704
18.0000550382722	12.0000788313435
12.0000018332362	12.0000698926572
28.0000164924392	35.0000546187076
42.0001184303546	8.00010278238836
5.00010659059476	22.9999800629257
29.0000003592524	26.0000381571264
30.9999468328223	35.9999938145747
49.9998806211788	9.00004492307261
3.00003157646503	30.9999814500439
33.0002313077254	2.00010327745201
7.00010470784568	31.9998438312979
23.0000224957322	42.0002361924374
35.9998902109877	38.9999729744645
35.9998774138480	6.99987678946405
6.99994699754645	16.9998854970838
16.9996257818100	45.9999958731497
17.0000417388461	49.0001301800092
26.0001243494492	5.99990566942659
38.0000110583812	17.0000419023276
49.9999672916293	18.9999174227590
33.0001352896106	40.0000954672223
29.9999572257177	1.99994483291475
4.99994206268594	19.9999202485006
4.00009259683816	44.0002176406654
28.0000005510408	40.0000279476284
30.9999365509147	32.0001308206518
37.0000858326535	46.0000957490789
36.9999519223553	45.0000210268899
49.0001489707207	26.0001353401028
26.9999370608793	49.9999885917971
40.9999406049244	25.0000546055556
26.9999371305959	48.9998446223245
12.0000356251650	24.9998778037258
1.00013050857829	41.0000765226159
5.00003656744511	26.9999645898355
42.0000772077876	27.9999589828718
32.0001255326004	37.0000384241589
19.9999871665157	28.9997370948868
9.00009486233458	26.9999639697013
48.9999875500466	29.9998920127739
30.0002099940535	30.0000472329274
38.0000260281844	37.0000030547891
44.9999454520776	37.9998467998013
15.0000100431511	44.9999900652263
11.9999267095912	4.99997742167629
31.9998475841818	8.00005243379704
11.0000349780294	47.9999374300090
35.0000232858939	8.99986505092706
3.00006540011297	19.9999924424146
29.9999155045464	44.0000501297167
19.9999194884932	48.0000360896023
42.9999509249176	42.0000660595473
44.9998994290308	8.99990632520477
14.0002691354253	9.99991480804135
1.00003715335213	46.9999330868933
41.9999346873676	33.0000617255113
15.0000424322905	4.00002836406036
45.0001229528264	39.0000350975702
26.0000677596787	36.0001017503914
4.00009166496450	45.0000677656205
33.0000480745482	46.9999825837969
10.9998492855101	22.0000161605451
43.9999240106679	7.00022280815363
25.0001059842773	5.00014416765082
9.99998019150504	39.9999551464444
33.0000259201462	15.9998135372467
27.0000554924505	20.9999607579086
2.99989785783235	11.0000134230347
44.0000190112790	12.9998002365060
3.99995652116615	30.0001302881330
23.9998525833344	39.0001419329304
35.0000393232969	25.9999988348333
20.9999155918798	42.9999607828273
17.9999497165556	13.0000751405573
43.9998660780153	23.0000731076745
29.9999397036315	32.9999871910095
34.0000439532425	35.9999443667928
19.0001571506268	24.0000257585856
6.99988684513086	16.0001861490661
29.0000345318666	5.99985449737600
29.0000523387678	22.0001718034129
22.0001043964009	44.9998163769681
27.0001259869062	11.9999163066123
36.9998894120493	39.0000574473832
16.0000061373147	1.00011095090471
27.0001230693686	42.9999136513454
40.0000545105732	8.99998161993558
39.0001399975953	16.9999183818458
9.00012164883194	28.9998458783042
19.0002343799603	38.0001140959999
9.99973799767392	40.9999518634742
4.99996681494377	50.0000030579428
28.9999661366472	34.0002113024236
43.9998576377194	20.0000341773193
43.9999478763284	11.9999973796593
8.00014222332042	17.0000720278058
10.0000059293463	5.00002403198775
38.0000960585231	10.9998793589920
49.0001634907220	42.0000734276073
9.99997097310042	3.00000084013860
18.9999590382629	45.9999911006109
36.9998682880353	32.0000761916768
14.9999722703236	17.0000195516517
36.9999285307277	14.9999452042870
44.9999780714567	39.9998792597327
42.9999774416883	50.0000651187412
49.9999271635997	7.00007874476952
13.9998855317213	47.0000203237319
46.9999622312688	15.0000091734136
15.0000014625904	29.9999910258041
1.99991043287252	47.9999881693617
26.0000352239375	6.99997899488349
37.9999855871993	40.0001433591718
4.99997393436056	13.0001160610461
9.00009117332900	3.99996271455645
6.00023061824202	50.0000739722936
37.0000847643438	4.99994202205857
10.0000642690869	8.99992831888278
2.00000047200446	29.9999877740036
10.0000129786512	13.0000207273829
26.0000581429272	14.9999434533272
40.9999447019717	49.9998560780561
34.9998507441205	20.0000800344587
23.0000429111857	13.9999553873777
35.9999298133750	45.0000022957538
11.0000393716992	9.00005847288771
35.9999169457735	22.0000083384841
12.9998746582827	14.0000022658821
5.99985965698828	34.0000357492431
8.00002811014619	25.0000548716484
31.0001954539200	26.9999423508242
42.0000200438046	37.0000352011485
43.0000490503519	5.00006067288804
13.0000143809034	38.0000352750607
17.0000230095886	30.9998477304468
27.0002365475089	5.00011474138238
10.9999218731786	35.9998959696564
15.9999841110727	42.0001945256855
0.999932629064760	13.9999338584254
23.0000714048194	44.9999780441226
4.00002551892368	43.0001089338966
17.9999672737713	5.99986418572229
5.00007421070938	47.0000463774969
5.99989942960647	5.00007356769640
38.0000119420677	5.00005379400961
50.0000200441756	3.99992728793302
4.00015738512386	6.00004551601372
13.0000538627577	46.9999020454896
25.0000033060707	2.00002988047800
6.99986582539197	38.9999448222130
22.9998529091593	24.0000189286299
1.00005906309514	45.9999184220645
5.99992998163808	45.0000413129415
47.9999758809289	37.9999508045666
13.9999130583032	11.9999148120645
4.00001816031812	4.99977935251628
28.0000227879844	36.0000470551505
24.0001744719934	21.0001738465278
46.0001817874130	6.99994446342978
6.00010616329046	23.0001438865187
12.0001083985386	47.9999815304586
30.9998830327991	8.99991877674951
12.0001275773469	46.0000082637597
32.9999058427602	49.9999591734858
38.9998400549584	12.0000694411222
27.0003166253113	36.9999140720398
36.0000318667312	14.0000129401829
12.9999337063324	17.0000287771071
47.0000007925895	48.0000127245037
35.0000069009419	50.0000286536688
1.99979299719674	5.99995764212408
13.9999284449936	7.99985210410070
46.0000529319453	23.0000338076046
6.00000355403112	32.9999054373245
28.9998337105144	42.0001113624455
5.99995085076701	48.9999691993750
41.9999849933121	23.0000862735036
23.0000081332347	41.0001724262988
31.9998321223029	38.9999660645886
47.0000255336087	38.9999398217797
50.0001529051344	48.0001111711456
40.9998407273398	14.0000316898686
25.0000438790290	1.00000372828341
29.0001343651417	1.00001422215651
26.0000380347708	10.9999260984221
32.0000589064255	46.0001049845125
47.9999524961792	29.9999540109384
29.9999814810965	18.0001110109647
15.9998855284577	8.99995138500609
19.9999878493939	45.0001455923012
1.99994473820242	13.0000297130081
33.9999341967224	5.99968972960533
44.0001447250998	26.9999817405894
29.9999882942635	21.0001259967209
5.00006299347900	39.9999681133000
4.00003753071961	46.9999349360542
47.9998985112664	2.00004488367467
22.9998110141784	35.0001464000065
3.99985662435079	48.0000741926893
48.0000275941023	46.0000113284437
33.9999698791975	27.0000515216589
22.0000759502909	37.0000518330817
2.99996200525151	43.9999819853372
13.9998677697070	38.0000397601843
44.0000096331577	8.99999870687207
12.0001101047916	31.0000701469646
28.0000265418832	11.0000621093445
48.9999814044641	7.99985724578929
27.9999579066836	32.9999453069369
47.0001268122114	44.9998769496388
47.0000914307156	6.00000960679136
19.9999570348545	3.99977222761284
29.9998653606157	25.9999881956347
28.9999086449636	13.0001058154603
30.0000333326694	10.0000436294948
35.9998907411234	15.0001411523668
8.99996130488917	30.9999985387829
6.99998775648223	11.9999462208562
42.9999340222477	28.9998165239032
47.9999375522561	36.0002635533397
10.9999773687517	40.0000290773882
29.9999449159046	5.00010655986447
44.9998657734918	17.0000535227283
6.00007365892484	2.99996126560722
25.9999080451126	37.9999680360797
42.0001035039295	23.9997475476906
6.99996565926296	4.99989937161503
14.9999692117142	23.9999575842923
50.0001295570826	17.9999338792889
11.0000261088557	15.0000727567325
39.9999597727599	1.00004566141799
42.9999173044353	22.9999493829302
30.9999482782923	28.9998815354413
34.0000399909367	41.0000781787476
48.0000847134233	48.9999919617278
20.0000048010957	14.0000334162413
10.9999507076925	33.0000346039914
16.0000335437075	25.9999880508167
7.00006712144487	27.0000716204805
8.99995783376477	28.0000227944028
13.0001443126503	13.0000046656440
21.9999635719009	29.9998935253478
46.0000898288151	28.0000039859974
3.00009683438281	4.00009168640561
40.0000056627426	15.9999591242086
44.9999915333534	3.00004010766001
34.0000872010411	31.0000634977399
20.9998196344673	40.0003330585000
11.0000033740077	33.9999281542139
19.0000069138610	18.9999796033295
2.00003655867786	42.9999570087677
8.99991151403050	10.9998467030406
16.9998589824634	37.0000183697861
35.9997361620394	36.0000325417836
18.0000545101683	25.9999637543618
9.00010780063432	16.9999955046954
28.9999555669639	3.99998976197857
33.0002379326978	5.99996977925232
34.9999359024582	29.9999146405131
31.9998688718411	10.9999280704060
29.9999854311939	34.9999082967801
5.00001057850359	4.00006989119191
47.0000682352298	27.9999974122439
16.0000121039798	16.0000328050343
11.9999236378853	40.9999298942625
21.9998476976928	6.99978336614772
49.9999413307068	38.0000049773258
35.9998636256055	30.0000626116179
21.0000723594791	48.0001143575242
13.9999896372423	8.99981783429924
37.9998146994182	8.00002968850284
3.00003655946748	17.0000158513910
45.9999077591893	10.0000046149690
14.0001350377534	5.99998893943573
40.0000052197867	11.0001944653611
44.0000229233269	36.9998842025025
7.99992126206633	4.00002013905993
28.0000523016403	24.0000441787611
15.0000064903039	11.9998023281266
37.0000216167132	27.0000438806572
42.9999679726607	26.0001458027581
36.0000643380003	37.9999713165852
10.9997560793858	1.99997087279598
40.0000165680348	24.9998543789282
20.0001048206555	8.00003030525623
35.9999809333354	40.0001036554247
37.0000578133579	25.9998742582313
49.9999404504743	27.9998648567436
32.0000172748217	35.9999399579998
44.9999416023094	6.00000960611303
40.0001145025860	32.0001120742164
26.0000469942836	2.00005620567334
11.0001375926772	12.9999917743810
48.9999958240118	8.99991564219685
10.9999940690767	11.0000060899107
25.0000313304071	37.0000538866868
40.0001448390705	38.9999278215309
19.9997609852153	16.0000230002174
27.9998323446044	7.00002701267342
10.0001266753180	28.0001326600777
6.00018935345290	2.00015561306622
0.999979522617691	7.99981367669017
4.00013538134293	31.0001094457428
2.00021701932701	16.9999350515879
7.00001896959844	46.9998687605799
37.9999544472978	33.9999393617333
31.9999522805993	17.9999522646533
25.9999743870467	32.0000312420308
24.0000798673878	14.9999784241449
15.9999829352814	40.9998647883026
2.00020373091335	33.9999651734629
2.99996603187936	38.9998092705831
4.99992841439917	8.00015823160149
48.0000544519666	20.9999356315638
44.0000235310919	14.0000695392762
17.0000462526269	28.0000667289163
21.9997906123641	34.9999345586796
34.9999849997477	21.9998472759469
23.9998166474525	12.9998468432118
13.0000185338762	41.0000807009715
31.0000764989067	42.9999880324756
40.0001179579026	35.0001062896351
32.0000752967750	19.9999532091271
28.0000484077540	31.9997072710210
30.0000775437597	35.9998914868994
17.9999943338703	41.0000795715185
33.9999961498588	30.0000207817784
16.0001020447472	32.0001870702364
29.0001087283893	14.0000346524811
39.9999529169778	4.99982068881665
48.9998202720260	48.0002482677041
22.9997704677312	29.0001072953485
17.9998377421427	46.9998540052384
46.9998999928095	19.0000220999235
27.0000447117559	16.9999955483455
18.9999224159089	26.9999242236099
35.9999914665607	25.9998186349234
49.0000369390969	49.9999053082121
35.9998613789146	12.0000274561583
14.9999149750180	0.999944409275718
29.9999250618354	11.9999142862454
42.9999198210581	2.00000491404750
25.9999560750581	22.0002605765274
13.0000787179473	2.00002456350876
25.9999492528954	8.00007693333927
8.00006943105027	11.9999458618252
15.0000340327006	34.9998442588638
28.0000191855844	7.99988729137760
29.0000975032406	16.0000542286995
14.0002140160858	17.0000048173884
43.0001467332816	18.9999952864844
1.99984159661728	40.0000860924915
2.00005299118597	47.0002081143384
32.9998753155669	48.0000962929643
44.9997989203693	32.9999665200124
27.9998789291131	30.0000301131514
34.9997818087824	17.0000941124836
20.9998868724981	16.0000070397970
29.0001354296900	44.0001473418986
44.9999523512968	34.0001236020366
42.0002680721949	9.00005991646704
42.0000390817074	15.9998443613083
33.0001003997288	43.9998803929691
40.9999854006088	33.9998991059772
13.9999720421651	27.0001047621940
12.9999216631993	18.9999974074308
27.0000160816545	41.0001901116309
47.9998517064662	32.9999879621516
3.99991499335123	18.9999989460993
20.9998930775421	38.9999775908464
34.0000168338322	21.0001283920556
32.0001515901820	42.0001053820920
10.0002157528879	26.0000186586766
5.99982442978408	39.9999499739285
26.0000346747318	33.9999624614694
19.9999345898515	27.9999636975016
37.9998918521889	16.0000681226605
5.00001033802343	48.0001013898793
29.9999528135606	40.0001645030806
3.00000511188115	38.0001038247221
44.0000768505767	3.99989220570896
12.9999064519463	34.0001006039465
35.9999847289400	35.0000126451470
43.9998299642767	46.9999290825307
12.9999616747453	31.9999799151748
46.0000988851804	33.9999855661854
32.9998254301629	23.0000001962907
11.0000390850985	1.00001417203307
24.9998647999994	46.9999864496317
33.0000218994254	16.9999555350241
38.9999549708347	22.0001232503109
38.9999721471338	23.0001447070093
12.9998396111229	5.00005451062813
7.99990889314136	30.0000069840674
45.9999806978679	25.0001422170058
17.0000071678864	9.99996312027767
21.9999808686615	33.9999698633636
21.9999358770376	36.0000056775356
8.00013285546788	39.0000996105220
49.9999805536584	13.9999898126791
40.9999224103129	39.0000549226153
34.9999241352875	4.99998998733221
34.9999924401335	2.00002230059326
46.0000929004179	1.99980219623872
1.99995754324724	33.0001396710912
2.00008715655724	9.00010065560844
30.0000226524455	21.9998939799533
49.9999436673989	34.9997525146238
12.9999182777792	22.0001656834978
11.0000177344046	43.0000059075276
24.9999896672984	11.0000933868710
34.9999095009410	37.0000592923875
4.99992056573537	10.0000413650087
12.0000539128203	33.0001173636592
24.0000521663917	48.0000475997362
41.9999688599605	19.9998295027119
8.00008261277035	27.0000679670567
29.9999650059341	28.9999659660135
23.9999884497310	35.0000193926273
29.0001234821718	33.0000219588205
35.9999460079014	4.00003432171511
46.9997957044584	34.9999442294403
31.9998711119846	4.99994285609328
41.0000290848756	9.99989258162318
25.9999784207757	44.0001097033925
28.0002751340277	50.0000093930289
47.9998584923384	16.0000453216962
36.9999756130991	50.0001034832755
8.00000402507008	44.9998843966994
4.99986261705702	30.9998865231090
33.0001079187315	27.9999823730437
37.0000743931160	20.0000690617471
15.0001542860650	36.9999131074759
19.0000687522147	20.9999248458731
25.9996449831696	29.0000534177846
16.9999032946847	20.0000314294295
9.00003117904282	3.00005571167186
45.9999184931057	40.0000692532820
27.0000283370451	18.0001044525259
30.9999933762135	22.9998263260296
41.9999452503216	2.00001446796797
29.0000068056248	47.0000368282713
44.0000512973736	5.99982986041592
34.0001143096052	12.0000093210165
46.9999106054883	43.0001067441349
39.9999428227562	18.9998479186642
2.99992793569777	6.00000422612005
9.00008478960103	48.9999423943163
22.0001572626854	32.0000706954769
5.00010557210193	32.9998877693715
44.0001341013767	4.99988694631998
43.0000249275373	44.0001294699339
15.9999198294161	25.0000482227656
17.0000679747854	44.0001369992592
21.0001726379838	6.00008670830350
39.0000506059506	32.0000615412121
48.0000929211461	34.0000120114380
48.9998456502169	9.99986782360217
10.0000571055922	38.9999993191098
49.9999846078048	27.0000206221375
10.0000553328571	16.0000506637851
38.0001276784260	29.9999087603053
15.9999360587623	37.0000091319998
32.0001505934834	2.00017181535997
26.9999056606427	39.9999448576192
39.0000040831693	38.0000106105770
18.0000306955631	14.0000177598505
6.00010668230767	35.9999082471896
40.9999676853667	28.0000362128478
37.9999064125854	49.0000211588599
9.00014166141170	19.9997622912783
50.0000362642928	50.0002215803229
12.9998086322123	11.0001375268288
29.0000319922422	2.00012108631295
9.99982994132020	50.0000857555337
28.0000790915988	42.9999657726895
33.0001387166585	41.9998800850779
12.9999817222125	43.9999530193713
40.9999091606643	44.0000502558935
46.0001226929850	24.0001910677917
36.9999489296701	10.9998997950693
1.99991815280485	29.0001867604108
21.9998738229456	15.9998947701081
7.99985323519706	33.0000803648745
21.0000275779187	37.9999927332361
29.9999668253686	3.99980479929612
6.00007884844089	37.0002499656154
45.9999943306035	42.9998793439355
42.9999790313527	17.9999292584278
38.9998278534486	17.9999549065399
23.9999224536093	1.99996245805201
24.0000104429626	17.0000212870257
41.9999571854862	31.0000329275473
29.0001275046841	9.00020920668485
33.9998168569481	11.0001421775008
24.9999818802061	14.0000963223485
19.0000114575575	9.99993425990407
13.9999277642403	26.0001074259312
3.00001120028275	41.9999801127347
42.0001661267495	18.9999711282581
4.99989496112140	9.00005458811735
17.9999649118483	49.9998804646456
39.9998580919457	40.9997594910345
23.0000727937515	14.9999586453793
37.9998793945368	21.9999156642535
5.99991418057739	6.00008533520567
24.0001422953306	33.9999737450905
39.0000823420298	7.00014395984775
31.9999244029812	34.9999475219497
4.00010165431053	38.0000626301459
21.9999340903936	10.0000490373836
13.0000106027350	26.0000392133592
44.0001834366773	35.9999030714834
21.0002257163329	31.0000060151654
10.9999556848112	24.9999873422139
6.99999699890285	29.9999422835982
23.0001039090689	36.9999694823784
45.0000607511864	11.9999516722131
12.9999766978223	41.9999689711998
43.9999790530235	1.99991384545326
15.9999215971513	10.9998779976788
27.9997728019558	26.9999354503594
20.9999843348327	0.999971085762757
17.9998802131391	28.0001000421838
41.9999772059551	49.9999411936312
1.00024682994051	5.00015574834318
38.0000033886040	20.9998638626794
14.0001509527692	4.00019000816151
19.9998889285525	46.0000177859225
10.0001275572657	32.9997833390387
46.9998326385787	37.0000706892217
43.9999720073776	47.9997774665535
9.00002907534840	33.0000341199174
49.0000620102715	5.00022512380791
8.99998757376731	6.99998338633032
42.9998917776231	6.00004870229584
33.9998782323788	48.0000672969018
10.9999277842635	9.99996250444107
37.9998980833844	12.0000820488788
20.9999420913862	23.9999625126158
13.9999049476309	18.0000878491832
17.0001242057404	5.99990019884351
17.0000269915728	30.0000070460659
20.0000283467155	36.9999709458319
33.9999161016025	0.999922165769340
37.0000276811597	35.0000088556253
42.0000323012160	46.9998526325569
4.99990639508476	0.999836020535845
9.99988108262534	29.9998546719297
7.99980650645160	20.9999196624788
31.0000872793272	42.0000842577499
31.9998987851674	44.0000049842139
11.0000046737872	8.00012479598511
26.0000083110919	37.0000987095587
1.00000912162801	47.9999518883488
23.9999361795454	6.99986392047783
25.9999773648541	12.0000027717344
10.9999693085271	11.9999652191524
10.0001349570902	31.0001224125257
3.99988438164376	28.9999266350642
13.9999794087865	48.0001579551681
7.00010664022343	14.0000254257509
4.00004210680434	27.0000464392210
32.9998911790643	19.9999284965975
35.0000793151508	33.9998984157323
43.9997298164024	37.9999823971994
46.9999507410211	5.00000212945517
47.0001567747071	39.9998539096477
44.0000498460714	49.0000110445632
25.0000791608324	18.9999231344176
42.9999907046942	37.0000421351093
20.9999619783592	5.00009762619978
47.0000695916360	49.9998109081842
43.0002317059653	14.9999274376771
18.9999731600895	34.9999728934242
20.0001437020710	22.9997748427518
5.99994606974282	21.9997405852920
16.9999569928171	7.99983064740478
26.0000650735285	49.0000895400435
2.99990979473892	8.00016186081860
9.00009422756596	11.9999362109466
45.9998316733479	7.99995484458062
1.99975792516198	3.00001777293732
0.999984107893890	29.0000814469569
17.0000328881872	50.0000879837753
18.0001275403556	24.0002505959558
1.00001196683217	21.0000472787993
30.0000954429153	31.9998832018330
47.0000240560290	16.0002318648302
7.00006794965281	28.9999002142864
27.9999031229812	11.9999295012561
42.9999923592924	12.0000907164088
6.99994022101165	11.0000175537518
23.9999763010705	36.0000068244323
21.0002296650266	29.0000005916251
12.9998595843899	26.9998660422669
30.0000034177138	24.9998714549099
35.9999679099333	47.9998323476981
47.0000379382707	8.00007558680163
10.0001792678894	41.9999104231132
10.0000912314651	44.9998265359206
21.9999343086229	26.0000476550200
42.9998566233581	21.9999746030413
24.0000847993137	29.9998696843166
14.9999007882102	7.00002902603927
26.9999284737014	28.0000439663451
20.0000465350036	2.00005033932356
7.99984775516829	2.99993899401447
13.0001556247359	23.9999646063643
8.00001028212500	5.99995679003111
26.9999765910651	2.00001644787553
25.0000807824719	10.0000510496995
9.00008062131265	43.0001642761180
15.9999750829070	23.9999384873932
26.0001102333009	46.9999371328661
26.0000367311300	18.9999823442092
29.0001100002730	41.0001161254133
8.00002634747831	13.9999601531907
28.9999808907201	46.0000928355195
20.0001748745781	34.9999264373730
11.9999216793955	23.9999144005375
11.0000633084590	38.0001813110894
33.0002022389516	12.0000860349738
34.9999586651781	16.0000567824302
9.00006346359294	38.0000006641815
33.0000319552914	0.999940021314579
22.9999651754324	13.0001175231150
26.9999996445757	27.0001131255859
18.0000617784799	10.9998238084963
27.0002328479550	47.9998848163960
25.0000886427949	11.9999631706986
8.99997559145143	47.0001484138037
44.9998026877983	42.0000391096577
15.0000249060114	29.0001307652916
41.0000260977503	47.9999422821434
8.99992085193143	36.0000477100296
22.0001009333258	21.9999378476111
35.0000390872723	11.9998124855984
12.0000586900357	45.0000307786197
0.999951381328009	25.0000039045500
35.9999316145618	18.9999238294913
9.99995325752235	31.9999450085225
5.99988894194293	6.99992205593346
1.99994774590784	2.00005204631149
6.00007268423823	17.9998959199139
19.9997744653251	9.00005918648306
49.9998228027609	22.9999708391264
49.0000026589893	46.9999763819783
31.0000328493022	39.9999123220982
29.9999051170123	36.9999163183658
22.0000536442171	28.9999327054200
40.0001259021923	6.99990803049276
46.0000683742823	38.9999293578046
18.9998436605351	44.9999357947553
6.99992694363206	1.99984802622786
40.9999146189342	22.9998254606136
9.99996612472310	26.9996871093385
11.9999328715377	3.00005456879167
16.9999158385394	0.999902527224777
22.0001909913391	5.00002210101857
18.9999667030792	5.99996057787701
16.9999847573459	19.0000837841053
38.0000286362258	47.0000379404227
18.9998267778009	17.0001479598243
24.9998858366940	38.0000238174939
33.0000469864799	18.0000538982840
49.0000351389654	23.9999621269614
3.99988389816435	34.9999085323134
11.0001125658033	48.9998275774733
2.99999332609492	8.99986287455795
45.0000141690649	47.0001760743212
45.0000109283654	13.9998701753827
37.9999450027540	43.0000512022255
15.9998168718909	31.0000068258042
38.9999869123072	46.0000689424323
28.9998435028966	26.9999776219211
22.9999835333309	1.99997262699827
48.0000207346467	10.0000630052650
45.0000197962247	3.99996832678632
32.9998613728084	3.00002416524556
24.0000366599981	22.0001416869180
16.9998789533897	47.0000619090036
29.0000251672460	16.9999405249853
27.0000603201322	37.9999723791347
1.00015984058854	37.0001416600188
47.9997949195812	38.9998215564822
9.00008292621788	39.0000318262013
13.9999837844888	7.00015467781406
28.9999924689867	10.0000011384619
8.99994375958323	5.00001987791558
11.0000234154724	31.0000966114000
42.9999741381461	28.0002307696925
17.9999381236552	18.0000955167979
12.9999461394277	3.99994342201776
50.0000616281946	46.0000005643634
8.00004916270638	4.99993140584242
47.0001100619889	3.00000108420700
46.0000362944625	25.9997560949668
5.99998541059390	28.9998993748358
1.99988616283598	14.0000559802846
45.0000314783926	36.0000478029105
31.9999693414927	33.9998669102471
34.0000221515315	18.0000512117910
9.00008745796283	6.00002007833586
48.9999507152549	45.0001044970593
41.9999517739556	10.0000199954252
43.9999740806560	15.9999057406472
8.00002125962915	1.99991032618557
37.0002036937101	21.9998762600695
41.9999127105168	43.0000238587252
45.0001339926884	7.00008456588544
49.9999784567586	9.99995746102533
20.0000897896257	4.99996764019373
18.0000059706761	39.9999451336142
11.9999465788180	3.99977995505289
22.9999740800316	8.99987368626325
36.0000958874052	24.9999583621783
29.0001266785588	30.0000326857590
31.0000961021604	40.9999155929725
0.999943623862761	30.9998785766580
30.9998711176098	9.99988938181494
18.0000400867690	46.0000796695025
15.0000527980254	13.0000277352632
15.9997487449260	28.0000143552000
49.0000024230938	38.0000780401289
10.0002095560091	36.0000857441416
0.999981156344730	48.9999374361913
33.9999355807875	42.9998277112721
23.9998992233425	32.9998542157745
4.99981890402434	34.0000900824521
34.9999510560001	31.0000470812867
36.0000301428839	40.9998606394326
5.99990160927996	47.9999585331007
24.0000253466173	0.999993594954123
27.0000787968432	44.0000118022180
5.99994067040720	24.9999938846397
24.0000492203740	40.9999168976681
20.0000565484672	36.0001103528947
37.9999957194459	14.9999500122824
26.0001956448517	3.99990505569580
31.9998727797808	11.9998038737594
27.0000275066075	31.9998724344138
8.99990732558651	15.0002756551505
32.9999278238190	18.9999402761741
22.0000440973878	39.0001483540421
29.0001092894526	10.9999479283166
25.0000170103060	44.0001021988532
43.0001304849779	3.99994056620780
26.9999069868698	45.9999288984613
11.0000338158085	14.0000354569380
5.99994691060703	20.0000159556289
24.9999242643217	45.0000694370411
9.99973684400097	11.9999495402485
28.0000760182124	14.0000558382869
7.00018748502597	8.99993002011832
17.0000499640559	3.00008246313389
46.0001376323052	5.00006633612792
18.0000058980426	25.0000296808083
20.9998769580406	26.9998942839959
33.9999127528277	18.9998349956948
33.9999197334091	28.9999399767019
21.0001102376160	12.0000124185642
21.9999519638564	49.9998463203370
44.0000091442287	39.0000513270109
32.9998666851401	21.0001612584978
36.9999816935075	41.9999529621630
31.9998374133191	27.9999854851778
25.9999297576462	32.9998970956308
47.0000759492252	23.9999941475305
50.0001709653499	36.9999118103114
14.0000485441157	30.0001033804576
35.0000097238245	49.0000770092744
23.0001073261143	10.0000233032404
16.0000728019458	26.9999717815052
12.9997551129260	28.0001630619901
7.99982084333740	36.9997842009336
4.99991666443549	46.0000352232674
23.9999126391522	6.00006715723125
23.9998399769367	44.0000045498983
28.9999321746349	20.0001322512826
39.9999068823493	47.9999217047642
4.00011002215593	28.0000060761075
46.9999390024667	4.00013649457239
48.9998723983754	24.9999104459452
48.9999583733784	15.0001260092177
20.9999315032581	14.9998233067911
29.0000262160541	24.9999771155529
15.9999768714260	45.0001428199926
36.9998514483091	24.0000550636303
17.0000580323168	12.9999994799127
24.9999636048629	35.0000257769109
14.9999399970031	33.9999093551929
11.9999148203864	0.999850334983212
50.0000793887981	44.9997913217396
13.9999891070165	31.0000605136572
6.99984471869501	43.9998078702496
10.0002170794364	18.0000394328666
38.9999658303842	7.99981890088315
13.0000271057854	21.0000502565704
24.0000354827131	26.0000275126280
47.9998693474229	48.0000165866222
17.0001221142528	10.9999618618176
39.0000251117426	45.0001256427640
19.0000143653587	42.0000843881276
44.0001350640018	25.9998764102671
16.0000159095145	37.9999478973890
10.9998277715147	39.0000415185388
49.9999983940222	19.9999620853569
39.0001166993414	14.0001074658329
42.0001212632837	10.9998740736154
19.0000264676010	28.0000524502931
0.999830652656180	27.0000724489315
19.0001096442167	43.0000345235292
5.99999426155481	32.0000247244222
4.00001918927571	32.9998643310289
41.0001281272328	1.00016639127117
15.0000402756839	32.9999860021705
20.9996277788753	34.9998733847904
39.9998336263627	42.9999010305829
42.9999171991468	20.9998554287787
38.9998708706954	28.9999065158803
16.0000153464122	21.0000611140823
34.0000151959660	7.99996697375215
44.9999306886810	45.0000190534702
40.0001169457595	30.0000808242234
31.9999211917516	42.9999332800877
2.99996544069953	10.0000757302346
39.9999332622065	30.9999814195017
19.9999103536702	11.9999703546312
12.0000054617083	37.0000330223311
25.9998605843908	9.99998260702592
16.9999687808329	8.99994210303601
36.0000830324392	8.00017002120867
24.0000813780182	10.0000048453723
21.9998053923127	33.0000021769252
2.00004067191885	10.9999595947029
43.9999542016002	30.9998530756254
20.0000450536261	31.0001251589584
34.0000172118527	36.9999037335752
48.9999683919784	44.0000113565267
1.99999866836953	38.0000056524803
47.0000607902351	22.0001147856177
39.0000726024730	1.99997469240099
46.9999250310755	17.9999181629438
0.999867264665694	49.9999434487615
10.9999580947671	46.0000137188617
12.0001019997326	17.9999809338224
39.0000342812474	12.9998528426590
40.0000393999203	13.0001033948322
42.9999557466839	42.9999521033853
23.9999234340225	19.0002522193462
36.0002077032471	26.9999985055513
26.9999894834983	5.99997455510111
39.9999966752540	18.0000085698977
1.99997263031599	37.0000221273957
1.00000697149322	26.0000547586989
41.9999680490340	12.0002626855923
16.9998955782981	47.9998057021681
19.0000492942739	13.9998987739684
50.0001439788652	40.9999315964285
35.0000184868816	41.0000307997875
18.9999255850915	40.9999624349796
49.0000056428195	11.0000562416536
16.0001020303466	9.99986095626419
32.0001783143304	40.0001154890521
37.9998594756251	9.00002649187395
32.0000114009939	41.0000329842329
30.9999566716014	37.9998770031001
27.0000544601597	23.9999404583127
30.0000168916458	23.0000164204611
40.9999411371795	31.9999234521701
10.9998192811801	24.0000815680226
35.9998785824703	10.9999364628636
18.9999393599597	39.9999211353621
14.9999726297843	18.0000467235950
50.0001175743149	31.9999104344879
9.99994054279715	22.0000969757449
1.00003720339111	42.9998486161216
30.0000905823580	13.9999267340910
22.0000231662967	24.0002034394530
23.0000084797972	18.9999150691122
19.9999389452566	33.9999533472347
12.0000841319599	27.0000277804992
18.0001628617292	7.00003561322891
13.0000475538005	31.0002928568150
12.0000307314205	15.0001399740172
39.0000235369784	42.9999493001075
10.0001034038489	6.00006643530137
9.99996691025473	43.0001421373751
22.9999487807006	5.99999507427012
50.0000531863818	30.9997571983442
16.9999693518733	24.9999692941603
11.0000891823691	25.9998700918160
30.9998536131173	45.0000584733586
23.0001326366039	29.9999891588160
17.9999269380895	17.0001049008424
3.00002385494153	23.9998985302718
44.9999532120714	21.0001153463747
29.0000713570615	23.9998837822075
3.99985825037471	42.0001512995740
49.9998932706269	47.0000179667524
16.0001632379697	14.0001193121930
8.99990246109912	20.9998572746548
5.99993016384244	24.0000863464679
2.00000623171020	43.9999405732960
15.9999201295027	34.9998461334457
4.00001467066683	39.0001261976522
4.00011759260643	11.0000410799304
26.0000068683977	17.9999842002558
37.0001726186381	44.0000228192109
8.99985502598369	45.9999515850879
34.9999715357059	43.9998638385150
39.9999125958446	48.9997888118839
16.0000368500196	28.9998283658794
41.9998738331515	28.9999530498035
16.9998240405495	33.0000672128779
44.9999606466870	22.9999895025646
22.9998184962456	1.00001343101224
42.9999101894896	44.9999545456848
21.9999452697803	6.00003126713181
28.9998329607901	29.0000814167984
27.0000563919375	13.9999254795128
17.0000305612360	41.9998732578171
9.99993728512923	8.00005436173823
36.9998607660816	13.9999355783751
44.9999724704372	26.9997785691760
30.9999832149874	12.0000246422699
13.9997827052821	37.0000598082264
26.0001307417542	17.0000703215402
46.0000435529697	47.0000370728475
33.9998246454112	33.9999920692166
20.0001978079473	43.0000123388641
16.9999846453434	21.0001935386259
34.9998526609279	28.0000046264285
32.9999073955326	44.9999648460019
12.0000262707204	39.0001391837154
43.9998560205377	22.0001157195994
11.9999526455553	21.0001708086505
0.999989849415206	19.0000965419036
40.9999575030668	35.0000558599405
3.00002036668633	2.00013901897540
19.9999287986542	26.9999834204398
24.9999749483759	35.9999709356932
4.00001907273679	49.9999194394233
0.999777991305935	44.0001734209884
46.9998081792965	41.0002348524292
44.9998932921611	13.0001017250231
6.00000798538355	13.9999410406763
46.0000202794671	41.9998796853628
44.9999268878464	36.9999098228456
40.0001312433512	42.0000057302051
18.0001133004286	4.99987136900557
15.9999822893538	48.9998449021789
47.0003325535826	37.9998492435398
41.9999634690018	39.0000449804556
16.0000983392533	43.9997960014533
2.99999369784282	30.0000491924419
0.999827514813910	15.0000423214676
7.00018798343759	14.9998944051061
24.9998936448470	49.9999053993588
48.0000073731130	26.9999421113996
42.0001920814910	2.99993623284451
21.0000642731151	34.0000846995388
26.0000370996676	26.9999856526186
35.9999854580166	42.9999148466585
5.00002452018986	43.0000504321826
41.0001890167990	29.0000980111014
12.9999539039962	14.9998274207384
47.9999778460964	43.0001203956245
20.9999544421847	49.9998970215824
34.9999587950576	46.9998055167296
37.9999827518402	24.0000074849979
7.00006188741289	24.0001130938054
21.0000088209467	45.0001223887401
47.9999239279842	49.9999606861828
35.0001651961464	25.0000689633699
38.9999130430292	8.99998759730396
43.9999669563378	14.9999808044438
6.00000800974062	39.0001150459517
23.9998317794818	50.0000238706050
11.9998990918300	17.0000961681731
35.9998706338142	1.00004898309022
19.9997335703037	10.9999355201197
40.0002133000009	4.00005509090400
33.9999269646569	21.9999845696090
27.0000840059478	3.99987748875168
25.0000017194082	15.0000204437112
4.99990058616693	2.99999925846925
22.9999959610198	43.9999475803738
21.0000404744571	36.0000118229300
36.9998857186437	15.9999152520968
2.00011981044474	23.0001902586109
20.0001196838725	41.9998404671683
27.9999902623522	1.99984596450050
1.00006143474053	1.00010512558630
12.9998781398942	5.99992325598519
20.0000571873792	39.9999360464398
44.9999871689979	1.99993619525485
49.0001608517954	1.00008971315076
2.99990429268647	25.0000118647845
7.00020115092156	8.00004970274051
4.00000200848736	48.9998139980750
8.00004455077719	42.9998218017229
7.00014495293028	7.00002187140681
15.0001102950343	18.9998119538114
27.9999124136432	44.0001900333570
31.9999084760572	27.0000320309630
38.9999085177984	6.00013065308963
29.0001074750296	2.99982276865148
8.99998643019123	14.0000532154708
48.9999555289126	4.00004902270098
4.00000825170228	23.0001145125784
42.0001035768141	4.99996519828275
11.9999841110324	10.9998631860367
45.0000309282182	31.9999282060072
45.9997684595057	3.99994737504728
39.9999332416135	44.9999676290502
0.999893341480074	35.9999786845546
18.9999360843971	49.0000254036776
38.9999238032344	47.0002102631342
7.99995778942208	34.9999163601231
6.99995086718894	17.9999332317081
12.0000657745314	38.0001753613980
16.0001436083027	18.0002467044742
2.99984649669851	15.9999267128689
41.0001752844532	32.9998085975998
35.0001283050852	11.0000495818269
27.0000093642419	34.9999295755411
28.0001580098828	40.9999922712760
46.0000244783676	29.9999900135726
40.9998979745644	47.0000322427622
35.0001127840682	6.99986916064232
39.0002232468702	48.0000237142923
48.9999225752907	18.9999582581651
43.9998998542714	34.9998510174416
26.0001138326349	40.9999858084951
44.9999976048411	30.9998954015534
22.9998636167704	18.0002864112238
41.0001236316183	40.0000050205399
33.9999845924656	31.9999901418865
1.99992047934135	31.9999769882888
38.9999418427416	14.9999882249337
6.99995023360036	23.0001217098759
40.0000937428006	2.99986133992005
27.9998844272599	15.9999232168851
30.0000469223861	3.00010130338838
40.0001004411364	34.0000470085163
18.9999140157377	19.9999806937321
10.0000334386523	48.0001353481101
23.9998346530788	7.99999001018612
30.0000696878623	47.0000949122806
11.9998877790573	25.9999996848481
48.0000806363297	26.0001790062041
29.0000433565065	37.0000828893874
26.9999588600029	39.0000651640770
38.9998520131822	19.9999144140324
24.0001331586826	10.9999559617094
29.0000152702847	19.0000384790453
24.0001677299219	46.0000289098367
34.0000008565093	2.99985734327425
32.9998221614778	13.0000276810378
24.0001690066583	25.0000353639458
46.9999708611265	45.9998233590176
35.0000924400207	0.999884875148929
40.9999277759716	12.0001461331331
26.0000611834579	4.99994557936602
30.0000834988463	33.9998868502678
49.0001013086105	16.9999639651702
2.00004990489207	21.0001248352857
41.9999959189071	6.00004288096016
38.0000144477744	1.99977495953517
21.0000302344994	13.9999448789553
9.99992615382647	46.9998408819525
14.0000550423231	49.9999388846609
22.9998935525582	3.99980999869570
41.9998094622185	34.0000668747776
5.00001665657255	15.0001028103898
9.00001977318364	44.0000845335540
37.0000220736301	10.0000999730062
13.0001772843881	39.0001244397088
13.0001232882475	19.9999185316321
34.0001863792959	4.99994910022139
46.0000220350637	31.9998614002870
50.0000908635455	21.9998033854331
44.9999408829779	25.9999064627742
42.9999769020146	47.9998686910406
29.9998252230508	15.0000053437606
26.0000069832209	41.9999625093095
1.00009269808974	23.0000436098806
41.9998941823957	16.9999066272752
33.9999777515446	46.0000339800871
48.9999275918570	49.0000195377914
12.9999191591708	0.999836020317214
20.0000902393481	43.9998041043538
14.0000067267077	12.9997666336663
3.00007395932426	40.9999344970579
32.0000396775310	7.00000837189509
15.0000935791523	2.00005114089230
35.9997742796033	16.9999005331152
38.9998977877124	23.9999575180284
48.9999828115194	11.9997729131350
8.00003479121328	20.0001782374204
24.0001148432523	41.9999212793592
49.9999360376279	13.0000374916744
30.9999395052575	48.9998396861946
37.9999714844985	40.9999507451204
40.0000695220483	20.0000959672998
38.0000106434776	2.99987881452228
47.0001125701654	2.00004987546483
49.9999228068097	24.9998818836934
34.0000411133643	16.0000647246959
34.0000387188439	33.0000493588879
13.9998355992233	35.9999876438001
28.0000296388813	28.0001794097695
6.00017396936608	37.9998393181952
41.9998802214788	48.0000536062404
13.9999362918738	33.0001780716447
10.9998983242094	35.0000310768997
12.0001129067957	29.0000708056269
40.9999443485925	42.9999814258757
13.0000751357989	37.0000881584315
28.9998355240179	38.9998203557584
29.9998177447751	5.99988683142960
27.0000997355788	9.99989099131332
44.0000593306266	49.9998854725057
13.0000280074227	10.0002393388103
20.0000967067587	50.0001730493142
30.0000067591032	40.9999380342264
17.0000139905172	15.0000441783930
2.99991251076834	25.9998346278432
3.00000095055752	36.9999294034487
10.9998899682748	2.99997076916335
47.9999109300187	22.0000305433245
18.9999522768048	15.0001203897324
49.0000138735410	40.0000617185556
35.0001602834872	31.9999980209477
44.0000377530026	17.0001242465111
26.0000406144873	44.9999815942136
14.0000543279428	14.0000654950308
9.00012036677876	30.0002034254843
5.00005804189123	6.99988299927922
25.0000063672442	2.99997193251933
36.9999566957285	12.9999020512138
44.0000597220105	40.9998431357586
24.9998316482810	46.0000990123638
13.0000041732906	6.99995385159551
8.00009432443534	41.9998298312776
48.9999772048184	21.9998975926871
43.0000576819232	41.0000985502796
37.0000172430276	4.00006467929954
8.00005850282676	13.0000112649798
26.9999506532690	24.9998414842094
27.0001671262140	14.9999479591113
26.0000396610858	29.9999037688809
38.0000141009748	33.0001338729436
24.9998809401384	28.9999337567738
37.9999806851334	18.0000851168363
11.9998554394167	32.0001695438484
41.9999711412508	27.0001337251407
26.9998770859579	45.0000621794890
5.99999360341627	11.9998710408371
22.0000152206915	8.00023240700358
38.9999515453897	25.9998678412185
28.0001632897838	44.9999313770509
6.00013688955060	42.9999983654696
22.0001413900768	44.0000746674116
50.0000590728575	42.0000273439550
43.0000780002129	6.99991969326744
27.9999342755783	37.9999005334825
12.0000131814263	12.9998498208679
42.9998877582829	30.9999618765073
46.0000239846434	8.99997120592082
16.0001142156113	42.9999859573813
12.9998899133396	28.9999618873475
1.99997911175450	15.0000503368958
5.99985339186400	26.9999859499123
31.0000606281003	47.9999413349957
41.0001230829436	1.99997231070923
40.0001143451730	37.0001639613479
17.9998974334350	39.0000065049249
24.9999290965182	39.0001061318210
19.9999897841479	2.99996197915713
22.9999604876607	45.9999298673066
48.9999472445709	34.0001393222003
14.9997475465054	41.0000611943610
39.0000636676728	20.9999396641448
22.9999765577825	26.0001375828723
49.0000693361433	6.99997636287348
26.0000264528592	27.9999933630759
26.9997021455996	33.9999949593165
14.9999698686868	46.9999844866194
46.0000786084975	22.0000283539990
28.0001045165478	48.9998569210434
46.9999682780878	23.0000549092882
37.0000520515639	16.9997543135207
15.0000237981084	8.99999829267603
22.0000921874425	8.99988761649277
27.0001963604137	23.0000457156910
26.9999088564738	19.9998990001075
38.0002099936530	50.0000868002696
4.00002144640952	7.99992973812385
12.9999200965447	17.9999057273550
30.9999189660433	24.0000272364943
36.0000117768314	36.9999635681398
43.0000138022894	12.9999473598036
50.0000410911288	0.999944514746704
37.0000827006697	21.0000847216907
4.00003615931141	2.99995073343809
44.9998975490009	42.9999886870098
5.99993098408865	25.9999404060037
31.9999241111368	8.99998234335472
41.9999409547259	25.9999211755196
48.0000355152945	24.0000515810467
6.00003407157487	35.0000264635516
4.99997724618323	25.0000847288592
15.9999001164041	15.0000253375521
14.9999674150412	28.0000326948222
1.00005970475590	2.00001906872299
7.99998703940328	41.0001547387157
23.0001440339764	35.9999873046833
32.9999181606527	8.99996403178533
30.0000294179209	8.00002799691414
35.0001151372070	20.9999599481152
44.9999139734689	43.9998675884591
31.9999943904880	3.99994046952796
37.9998785252955	47.9999442500922
35.9999068896494	5.00004693840899
31.9998552713503	3.00005323220739
20.9999065250950	32.9999791765887
3.00003676312347	32.0000232937913
33.9999759848887	16.9999109037360
34.0000583039620	46.9999901859803
15.0001027739958	30.9999694504358
6.00003625568953	13.0000692485525
3.00007754810099	14.0000863934719
1.00007549817369	3.99994510623148
27.0002357318467	15.9998069874355
18.0000757204413	45.0000060741833
44.9998508001240	22.0001168908367
37.0000295768561	34.0001114461579
1.00006674101215	18.0000627187925
46.0000942656022	19.0000992312657
10.0000817138566	0.999906877729324
29.9999508093870	15.9998743131531
50.0000027691451	40.0000459197685
2.00003451954841	34.9999845879355
48.0000215736984	0.999881419519529
38.0002028995444	13.0000705855996
9.99983954826845	20.0001380243000
23.0000855678863	50.0000260770818
48.0001186423616	28.0000280132342
6.99994094009295	42.0000124152888
47.0000495655924	46.9999292489656
19.9999910998325	26.0000020443369
22.9998966572655	5.00008553636687
25.0000100672297	48.9998857238869
5.00016681332749	22.0000953700267
19.9999600852886	22.0001256132419
21.0000627519816	19.9999913703111
45.9998878660456	5.99998850997454
43.9999078340886	45.0001370886098
22.9998760954521	49.0000473855690
40.9998565315663	8.00004445339852
46.9999057475428	31.9999850247893
12.9999100356973	32.9999183843304
4.99995579364627	44.9999548669534
49.9998356461814	6.00004176196724
1.99994931467026	24.9999082363696
3.99992250813149	40.9999969252548
39.9999206267977	21.9999263956080
12.9999683163787	2.99986590489948
25.0001171767508	31.0001630004390
27.9999995202124	46.0000869528138
14.0000421027773	28.9999793750498
39.0001585497243	19.0001147236389
41.0000684602385	31.0000083074768
20.0000129386850	24.0000472195784
11.0001086017158	27.0000429324255
33.0002229872638	33.0000302125397
25.9999483035285	46.0000013141540
43.0000848372855	2.99999890258022
26.9999186005939	2.99992766634471
17.9998751534756	2.00011783872894
0.999932259100847	23.9999701937456
1.99999262680373	44.9999958217515
13.9998038268773	33.9998926617205
22.9998401405297	20.0000031311688
35.9999942933855	21.0001500224264
32.0000600563607	25.9998887467208
19.0000785452724	37.0000721176506
24.0000437340298	3.99985352932100
40.9999820195306	22.0000536052304
26.0000530015843	40.0001538048769
46.0002492850202	35.0000124076429
47.0001976814728	25.9998844896722
29.9999940618648	28.0001718875362
5.00014144322284	5.99989499663948
13.9999379416170	42.9999327029228
31.0000350801627	25.0000438110401
22.0000144422740	3.00003750574889
26.0000763297178	23.9999923259066
21.9998785061539	17.0000253089890
11.0000624257038	7.00004374227352
41.0000168626236	25.9999831126088
44.0000328758593	33.0000265695022
29.9998971388490	30.9999629501547
3.99996064236680	16.9999479829611
6.99984558596441	47.9999489047002
15.9999266137419	50.0000078948194
8.99990301000581	31.9998990001491
25.9999650373100	30.9999301471474
4.00001692413106	3.99998794959862
10.0000847958684	34.0000357625826
28.9998930937180	27.9999795450252
22.0000293622184	20.9999997547044
33.0001086485561	7.99993702025240
36.0000961315233	9.99984785979656
44.9998405553642	15.9999396247419
14.0000732017984	20.9999407569483
34.9999831232967	3.00014303240856
12.0001381407728	22.0001024314611
1.00009293020735	39.0000509680106
38.9999651154254	11.0001222775269
20.0000269422539	47.0000082023348
28.0000510851504	12.9999431096602
6.99975388215486	41.0000858320245
19.9999386011777	6.99993216426335
44.9999604553111	17.9999219315072
36.9998855246328	25.0000542390167
23.9997767631670	26.9999418310054
31.0000840037507	34.9998957879134
46.9999386214032	28.9999213010586
4.00011721593402	17.9999362670956
37.9999041759591	37.9998628663324
42.0000953125795	14.9999257782582
32.0000703446627	25.0000526999429
45.0000559895045	8.00021649664946
18.9998962002099	35.9999412724903
0.999982168435658	13.0000598614836
33.9999530061454	10.0001780063396
20.9999040113264	17.9999984165712
0.999955497470222	8.99996205176255
39.9998378826259	36.0000209945878
8.99998426056165	34.0000207868154
43.9999802541746	20.9999177396512
1.99991686325493	16.0000113695304
1.00006373339367	19.9999407308044
1.99989514013188	6.99989027934961
30.9999751816815	37.0000118509352
3.00005249131590	22.0000899086077
43.0000213223909	20.0000597756084
42.9997602622951	25.0000001746700
40.9999227581161	24.0000702748489
32.9999593896693	29.0001079157988
35.9999446680279	17.9999859203696
35.9998647034027	28.9999672197120
5.99999568837712	1.00007116538932
41.9999832369209	20.9999991627095
25.0001279593129	6.00018686515271
38.0000112219107	3.99987040435557
36.0000705481392	30.9998506551922
46.9999869603045	11.9998937217700
16.9998174535571	45.0000138784480
0.999852672062307	9.99999419049716
28.9999248596082	7.99997619182201
8.99995662700838	16.0000936041981
37.0000576351041	7.99998475233481
46.9999165543849	13.0000516166982
0.999937120463849	12.0001627455789
17.0000255851793	14.0001158146765
33.9999437950417	3.99995123214417
21.9998771580137	42.0002219825060
32.9999445959062	14.0000971984817
26.9999319724413	8.00002316288255
42.0000691164600	45.9998935218561
34.0000221938054	42.0001702891134
24.0000545931143	22.9999888402905
10.9999540253001	27.9999886145227
25.0002116712668	8.00000293792669
7.00001091014932	13.0000226027566
45.9999080173955	15.0002212801106
41.9998676394002	45.0001352538611
48.0000098650184	2.99999196588044
27.9999593359971	29.0001589450390
24.9998648108168	17.9999648297641
34.9999530184793	34.9998933256174
45.9998371989227	11.9999544364111
43.0000682417154	46.9999392940396
6.00019437083904	46.9999875316671
38.0000740237955	43.9999931314293
23.9999676822816	14.0000826193284
49.0001359645942	27.9999295006727
5.00002910302561	26.0001000221559
32.9997781005289	25.9999693626171
39.9999855372745	14.0000511818711
26.0000078700061	25.0001838682312
38.0000562218062	26.0000135948504
7.99998357241924	18.0000501541323
13.0001173703169	29.9999306107026
7.99986716048889	36.0000232000957
19.0002459213462	7.99992113298460
7.00013522048262	49.9999828357399
6.99997532267130	33.9999292368853
22.0000288016672	20.0000090403143
13.9999127325898	34.9999119071935
25.9999069244293	3.00008571151271
43.0000076155378	1.00002638017721
21.0000985664468	45.9998717233822
30.0000925841557	16.9998040553804
42.0002131499730	39.9998495161145
18.9999674167074	0.999906624615707
26.9999776986536	8.99999888801987
5.99972656987269	10.0000383329152
39.9999691451687	20.9998790028302
22.0000146108342	22.9998207193667
15.0000037732668	10.9999501699749
33.9999352353382	23.9998290810369
12.9998712592984	7.99997603299174
21.9999588984400	0.999884355584064
48.0002200545337	37.0000444698598
11.9999070952912	29.9999360949947
13.0000002664404	12.0000066403744
40.9998842378239	44.9999035046347
40.0001164531251	12.0001734964770
43.0000786436018	10.0000085890270
35.0000160341671	45.9999723096660
10.9999952461407	15.9998673458670
36.0001478874775	16.0000340156644
35.0000577770824	41.9998905538474
42.9999996468248	13.9998832291818
16.0000136664970	2.99992926617277
36.0001538983795	27.9999334762717
3.00004948383811	17.9999377871224
22.0000268859574	40.0001660601612
28.0000568572737	31.0000648143487
20.9999901409042	3.00013562457614
22.9999012776984	42.9997320959401
8.00003676079538	8.99997233870402
40.9998377700316	14.9999850158175
37.9999305852258	24.9999677144540
15.0001057942441	14.0001648558751